 
!@#$%^&*()
!@#$QWER
!@#19841010
!@#321
!@#59560955
!Q2w3e4r
!Q@W#E
!Q@W#E$R%T
!Q@W3e4r
!QAZ2wsx
!QAZ@WSX
!QAZ@wsx
!Qaz@Wsx
!qaz@WSX
#1bitch
#@!123
#@!321
#@!ewq
)(*&^%$#@!
*****
********
*********
*963.*963.
------fuck------
........
.......199
.......199@
..0
0
0.0.0.0.
0.00000000
0.123456789
00
000
0000
0000....
00000
000000
000000..
0000000
0000000.
00000000
00000000000
00000000000000000000
00000000a
00000007
0000000a
00000011
000000123
000000QQ
000000aa
000000aaa
00001107
00001234
00008888
00009999
0000aaaa
0000oooo
000111222
000123456
000webhost
001001001
001002003
00112900
0054444944
0069
007008009
00724015
007bond
008008008
00998877
01011900
01011960
01011972
01011973
01011974
01011977
01011994
01011995
01011999
01021988
01021989
01021990
01021992
01022010
01031981
01031983
01031985
01031986
01031989
01041980
01041983
01041988
01041992
01041993
01051980
01051986
01051988
01051989
01051990
01061983
01061986
01061990
01061992
01071984
01071988
01071990
01081985
01081989
01081990
01081992
01091985
01091987
01091988
0111424dd
01121986
01121987
01121988
01121990
01233210
012520wadll
01314520
0192837465
02011971
02011975
02011976
02011977
02011979
02011980
02011981
02011982
02011983
02011985
02011986
02011987
02011988
02011989
02011990
02021971
02021973
02021976
02021978
02021979
02021980
02021981
02021982
02021983
02021988
02021989
02021990
02021991
02031973
02031974
02031975
02031977
02031978
02031979
02031980
02031981
02031983
02031984
02031986
02031987
02031988
02031989
02031990
02031991
02041972
02041973
02041974
02041975
02041976
02041977
02041978
02041979
02041980
02041981
02041982
02041983
02041984
02041985
02041986
02041987
02041989
02051970
02051972
02051973
02051975
02051976
02051977
02051978
02051979
02051980
02051981
02051982
02051985
02051986
02051989
02061971
02061972
02061974
02061976
02061977
02061978
02061979
02061980
02061981
02061982
02061983
02061984
02061985
02061986
02061987
02061988
02061989
02061990
02071971
02071975
02071976
02071977
02071978
02071979
02071980
02071981
02071983
02071984
02071987
02071988
02071989
02081970
02081973
02081974
02081976
02081977
02081979
02081980
02081981
02081982
02081983
02081984
02081985
02081986
02081987
02081988
02081989
02091971
02091973
02091975
02091976
02091977
02091978
02091980
02091981
02091982
02091983
02091984
02091985
02091988
02091989
02101973
02101976
02101977
02101978
02101979
02101980
02101981
02101983
02101985
02101986
02101988
02111987
023023023
0258
03011987
03011991
03021986
03030303
03031984
03031990
03031991
03031992
03031993
03041980
03041983
03041984
03041989
03041991
03051986
03051987
03051988
03061986
03061987
03061988
03071985
03071986
03081989
03091983
03091988
03101991
03111987
0340412124abcd
04020323
04021990
04031991
04041983
04041988
04041990
04041991
04051985
04051988
04061018
04061984
04061986
04061991
04071986
04071987
04071988
04081987
04091986
04111988
04200116
04230423
05011987
05021987
05021988
05031987
05031990
05031991
05041985
05051986
05051989
05051990
05051991
05061986
05061988
05061989
05071984
05071985
05071988
05081986
05081992
05091987
05091988
05111986
05121988
05121990
05413330
054821054821
05962514787
06011982
06011988
06021986
06031983
06031992
06041984
06041987
06041988
06051986
06060606
06061981
06061988
06071983
06081987
06101989
061112abc
06124308030
0660
07021980
07021991
07031989
07041987
07041988
07041989
07051987
07051990
07061988
07070707
07071977
07071982
07071985
07071988
07071990
07081984
07081986
07081987
07091982
07091988
07091990
07101984
07101987
07231564
07736056123
07742216
08011986
08021990
08031985
08031986
08031987
08041985
08041986
08051987
08051989
08051990
08061987
08071985
08071987
08071988
08080808
08081988
08081989
08081990
08101986
08111984
08121987
0815
08290829
084119084123
09021988
09021989
09031987
09031988
09041985
09041986
09041987
09051945
09051984
09051986
09051987
09081985
09081988
09091986
09091988
09111987
09308066
0932313521
09876543
0987654321
0o0o0o0o
0p9o8i7u
1
10000000
100000000
10000001
10002000
100100100
10011001
10011980
10011983
10011988
10011990
10011992
10020000
100200100
100200100200
10031980
10031989
10031990
10031991
10031993
10041984
10041986
10041987
100500
10051988
10051990
10061984
10061985
10061986
10061987
10061989
10071985
10071986
10071988
10071989
10071990
10081983
10081985
10081989
10081990
1008610086
10091984
10091985
1010101010
101091m
101101
101101101
10111011
10121012
10121985
1013
1014
1015
1016
10161016
1017
1018
10181018
10191019
1020
10201020
102102102
10211021
1022
10221022
1023
10231023
10241024
1025
10251025
1026
10261026
1027
1028
1029
10293847
1030
1031
108108108
11001100
110092
11011011
110110110110
11011101
110112113
110112119
110119110
110119110119
11011987
11011989
11011990
11011991
110120110
110120110120
11021985
110220330
11031986
11031988
11041985
11041990
11041991
11051986
11051987
11051990
11061985
11061987
11061989
11061991
11071985
11071986
11071987
11071988
11071989
11081986
11081987
11081988
11081989
11081990
11091984
11091985
11091986
11091989
11091990
111
11101986
1111
11110000
11111
111111
111111111111
11111111111111111111
111111112
11111111a
11111111q
11111112
111111121
1111111a
1111111q
11111122
111111222222
111111aa
111111aaa
111111qq
111111qqq
11111986
11111987
11111991
11111a
11111q
11118888
11119999
1111aaaa
1111qqqq
11121986
11121987
11122233
111222333
11123456
1114
1115
111555
1117
111777
11185
111999
111qqq!!!
111qqq...
1120
11201120
1121
11211121
112112112
11221122
112233
11223300
11223311
112233112233
112233123
112233445
112233a
112233aa
112233qq
112244abc
1123
11231123
112358112358
112358132134
1124
11241124
1125
11251125
11259375
11271127
1129
113113113
114114114
116116116
117117117
118118118
119119119
11qqaazz
12
12011987
12011989
120120120
12021202
12021984
12021988
12021991
12031203
12031985
12031988
12031990
12041204
12041990
12041991
12051985
12051989
12051990
12061988
120676
12071987
12071989
12071991
12071992
12081984
12081985
12081987
12081990
12081993
12091986
12091988
12091991
12101210
12101985
12101990
12111211
12111984
12111985
12111990
12111991
121121121
121212
121212a
12121990
12131213
12131415
1214
12141214
1215
12151215
12152205
1216
12171217
12191219
122.224
1220
122001
122002
122122122
1223
12231223
1223334444
1224
12241224
12251225
1226
12261226
1227
1228
12281228
123
123!@#
123!@#qwe
123#@!
123.123.
123.789+
1230..
12300000
123000000
123000123
12300123
12300a00a
12301230123
123012301230
1230456789
1231
123111
123112233
12311231
123123
123123..
123123000
12312311
123123123
1231231230
123123123a
123123321
12312345
123123aaa
123123abc
123123asd
123123qwe
1231321
1231512315
123321
12332100
123321000
12332111
12332112
123321123321
12332145
123321456
123321456654
123321aa
123321aaa
123321abc
123321qq
123321qwe
123321ww
1234
1234!@#$
1234%^&*
12340000
12340987
1234123
12342234
12345
12345!@#$%
1234509876
12345123
123456
123456!@#$%^
123456**
123456++
123456.com
1234560.
1234560123
12345611
123456111
12345612
123456321
123456456
123456654
12345666
123456678
1234567
1234567.
12345670
12345677
12345677654321
12345678
12345678.
123456780
1234567809
123456788
123456789
123456789!
1234567890
1234567890-
1234567890-=
123456789000
1234567895
123456789987
123456789999
123456789@
123456789c
123456789e
123456789g
123456789j
123456789n
123456789qaz
123456789t
123456789x
12345678@
12345678W
12345678aa
12345678abc
12345678qq
12345678s
12345678x
12345678z
1234567abc
1234567b
1234567k
1234567z
12345687
12345688
123456888
12345689
12345698
12345699
123456@@
123456ABCD
123456ASDF
123456Qw
123456TT
123456abcdef
123456asd
123456bb
123456cc
123456dd
123456ff
123456i
123456jj
123456kk
123456li
123456liu
123456lj
123456ll
123456ly
123456mm
123456o
123456pp
123456qqq
123456qwer
123456ru
123456sa
123456ss
123456wang
123456ww
123456www
123456x
123456xx
123456xyz
123456y
123456yy
123456zx
123456zzz
12345789
12345^&*()
12345abcd
12345abcde
12345asd
12345asdfg
12345b
12345c
12345d
12345e
12345f
12345g
12345j
12345k
12345l
12345p
12345qaz
12345qw
12345qwer
12345r
12345ssdlh
12345w
12346789
12346899
12347890
12349876
1234ASDF
1234aaaa
1234abc
1234qw
1234qwer
1234qwerQWER
1234rewq
1234zxcv
12351235
12356789
1235698
123581321
12365
123654
12365400
12365412
123654123
123654123654
1236547890
123654aa
1236987450
1237890o0
123789123
123789abc
123890
123987456
123ABCDE
123QWE!456
123QWE!4561234
123QWERT
123a
123a123a
123abc
123abc123
123abc123abc
123abc456
123abcabc
123abcdef
123asd123
123asdasd
123asdfg
123ewq
123qaz123
123qazWSX
123qq123
123qw
123qwe
123qwe,.
123qwe123qwe
123qwe456
123qweASD!
123qweQWE
123qweqwe
123qwer
123qwert
123zxc123
124124124
124578369
12481632
125125125
12593000
126126126
1269
127127127
128128128
129129129
12qw12qw
12qw23we
12qwas
13011988
130130130
13021985
13021991
13031987
13031989
13041988
13051990
1305821983
13061986
13071982
13071985
13071987
13071989
13071990
13081986
13091984
13091986
13091987
13091988
13093313856
13101988
13101992
13111990
13121983
13128255707
13141516
131415926
131420131420
131421131421
13142659
13143344
13145201
13145201314
1314520QQ
13145210
131452100
13145211
13145211314521
13149286ab
132132132
132456
13245678
132465798
133133133
13324016206
13456789
1346798520
135135135
135246789
13527380230
13530023404
135521234
13572468
135781012
13579000
135790135790
135791113
135798642
136136136
13628792658
13654006821
1369
13709394
13801001020
138138138
139139139
13919936479
13920225257
14011986
14011988
14011989
14021989
14021990
14031986
14031988
14031989
14041986
14041992
14051983
14051990
14061988
14061991
14081985
14081988
14081990
14091987
14091990
14101986
14101988
14111986
14159265
141592653
1415926535
142536789
142857142857
14725800
147369
147369258
147852963
14881488
149162536
1492
15011983
15011988
15011990
15021983
15021986
15051981
15051989
15051990
15051992
15061985
15071983
15071986
15071987
15071988
15071990
15081988
15081989
15081990
15081991
15091985
15091988
15091989
15101991
15111984
15111988
15111989
158158158
15890193764
159258357
15935700
159357123
159357159
159357159357
1593572468
159357258
159357a
15975
159753
15975300
159753159
159951159
16011989
16021988
16031986
16031990
16041988
16051985
16051987
16051988
16051989
16051990
16071987
16071991
16091987
16091988
16091990
16101986
16111982
16111990
16121986
16121991
1616
163163163
168168168
16881688
16888888
16897188
16899052
16899199
17011987
17011990
17021985
17021989
17041985
17041986
17041987
17041991
17051974
17051983
17051988
17051989
17051990
17061986
17061987
17061988
17061989
17061991
17071986
17071987
17071989
17091985
17091987
17101986
17101987
17111985
174292xy
175638080
176219444
1776
178678789
18011985
18011986
18011987
18011988
18021984
18021986
18021987
18021988
18021992
18031986
18031988
18031991
18041986
18041990
18041991
18051987
18051989
18051990
18061985
18061990
18071989
18071990
18081988
18091985
18091986
18091987
18101987
18111983
18111986
18121812
18121983
18121990
18273645
184866884
187222455
1887415157
189532210113
18atcskD2W
19011987
19011989
19021990
19021991
19031985
19031987
19041985
19041986
19051983
19051986
19061987
19061990
19061991
19061992
19071907
19071986
19071988
19071989
19071990
19081986
19081987
19091983
19091988
19091990
19101986
19111985
19111986
19111987
191154120
19121988
19121989
19283746
1941
1942
19491001abc
194983521
196969
19740302
19760620
19771010
19771020
19771027
19771105
19771126
19781001
19781010
19781011
19781012
19781015
19781018
19781021
19781022
19781023
19781025
19781026
19781028
19781101
19781104
19781111
19781112
19781113
19781115
19781116
19781118
19781120
19781121
19781122
19781123
19781126
19781128
19781202
19781203
19781210
19781211
19781212
19781215
19781218
19781220
19781221
19781223
19781224
19781225
19781226
19781228
19781230
19790203
19790315
19790318
19790630
19790822
19790909
19790916
19791001
19791008
19791010
19791012
19791013
19791015
19791019
19791020
19791021
19791022
19791023
19791024
19791025
19791026
19791027
19791028
19791029
19791030
19791101
19791102
19791104
19791105
19791108
19791109
19791111
19791119
19791120
19791123
19791125
19791127
19791128
19791208
19791212
19791213
19791214
19791217
19791218
19791220
19791224
19791225
19791226
19791228
19791229
197912wsr
19800101
19800216
19800312
19800405
19800613
19800812
19800819
19800916
19801001
19801003
19801005
19801007
19801008
19801009
19801010
19801011
19801012
19801013
19801014
19801015
19801016
19801017
19801018
19801019
19801020
19801021
19801022
19801023
19801024
19801025
19801026
19801027
19801028
19801029
19801102
19801103
19801105
19801106
19801107
19801108
19801109
19801110
19801111
19801112
19801114
19801115
19801116
19801117
19801118
19801119
19801120
19801121
19801122
19801123
19801124
19801125
19801126
19801127
19801128
19801129
19801130
19801201
19801204
19801205
19801206
19801207
19801208
19801210
19801211
19801212
19801213
19801214
19801215
19801216
19801217
19801218
19801219
19801220
19801221
19801223
19801224
19801225
19801226
19801228
19801229
19801230
19801231
19801980
198019803014166
19810101
19810116
19810119
19810121
19810124
19810126
19810201
19810202
19810203
19810206
19810212
19810213
19810214
19810217
19810219
19810221
19810228
19810301
19810304
19810306
19810307
19810310
19810311
19810312
19810314
19810318
19810320
19810323
19810325
19810327
19810412
19810416
19810425
19810504
19810510
19810521
19810527
19810528
19810601
19810606
19810609
19810610
19810617
19810618
19810619
19810620
19810621
19810623
19810624
19810626
19810627
19810628
19810629
19810701
19810705
19810707
19810711
19810712
19810719
19810720
19810721
19810723
19810801
19810808
19810812
19810813
19810815
19810816
19810817
19810823
19810824
19810825
19810826
19810828
19810901
19810902
19810905
19810909
19810910
19810911
19810912
19810914
19810915
19810916
19810917
19810918
19810919
19810920
19810921
19810922
19810923
19810924
19810925
19810926
19810927
19810928
19810929
19810930
19811001
19811002
19811003
19811004
19811005
19811006
19811007
19811008
19811009
19811010
19811011
19811012
19811013
19811014
19811015
19811016
19811017
19811018
19811019
19811020
19811021
19811022
19811023
19811024
19811025
19811026
19811027
19811028
19811029
19811030
19811031
19811101
19811102
19811103
19811104
19811105
19811106
19811107
19811108
19811109
19811110
19811111
19811112
19811113
19811114
19811115
19811116
19811117
19811118
19811119
19811120
19811121
19811122
19811123
19811124
19811125
19811126
19811127
19811128
19811129
19811130
19811201
19811202
19811203
19811204
19811205
19811206
19811207
19811208
19811209
19811210
19811211
19811212
19811213
19811214
19811215
19811216
19811217
19811218
19811219
19811220
19811221
19811222
19811223
19811224
19811225
19811226
19811227
19811228
19811229
19811230
19811231
198198198
19820101
19820102
19820103
19820104
19820105
19820106
19820107
19820108
19820109
19820110
19820111
19820112
19820113
19820114
19820115
19820116
19820117
19820118
19820119
19820120
19820121
19820122
19820123
19820124
19820125
19820126
19820127
19820128
19820129
19820130
19820201
19820202
19820203
19820204
19820205
19820206
19820207
19820208
19820209
19820210
19820211
19820212
19820213
19820214
19820215
19820216
19820217
19820218
19820219
19820220
19820221
19820222
19820226
19820227
19820228
19820301
19820302
19820303
19820304
19820305
19820306
19820307
19820308
19820309
19820310
19820311
19820312
19820313
19820314
19820315
19820316
19820317
19820318
19820319
19820320
19820321
19820322
19820323
19820324
19820325
19820327
19820328
19820329
19820330
19820401
19820402
19820403
19820404
19820405
19820406
19820407
19820408
19820409
19820410
19820411
19820412
19820413
19820414
19820415
19820416
19820417
19820418
19820419
19820420
19820421
19820422
19820423
19820424
19820425
19820426
19820427
19820428
19820429
19820501
19820502
19820503
19820504
19820505
19820506
19820508
19820510
19820512
19820514
19820515
19820516
19820517
19820518
19820519
19820520
19820521
19820523
19820524
19820525
19820526
19820527
19820528
19820529
19820530
19820601
19820602
19820603
19820604
19820605
19820606
19820607
19820608
19820609
19820610
19820611
19820612
19820613
19820614
19820615
19820616
19820617
19820618
19820619
19820620
19820621
19820622
19820623
19820624
19820625
19820626
19820627
19820628
19820629
19820701
19820702
19820703
19820704
19820705
19820707
19820708
19820709
19820710
19820711
19820712
19820713
19820714
19820715
19820716
19820717
19820718
19820719
19820720
19820721
19820722
19820723
19820724
19820725
19820726
19820728
19820729
19820801
19820802
19820803
19820804
19820805
19820806
19820807
19820808
19820809
19820810
19820811
19820812
19820813
19820814
19820815
19820816
19820817
19820818
19820819
19820820
19820821
19820822
19820823
19820824
19820825
19820826
19820827
19820828
19820829
19820830
19820901
19820902
19820903
19820904
19820905
19820906
19820907
19820908
19820909
19820910
19820911
19820912
19820913
19820914
19820915
19820916
19820917
19820918
19820919
19820920
19820921
19820922
19820923
19820924
19820925
19820926
19820927
19820928
19820929
19820930
19821001
19821002
19821003
19821004
19821005
19821006
19821007
19821008
19821009
19821010
19821011
19821012
19821013
19821014
19821015
19821016
19821017
19821018
19821019
19821020
19821021
19821022
19821023
19821024
19821025
19821026
19821027
19821028
19821029
19821030
19821031
19821101
19821102
19821103
19821104
19821105
19821106
19821107
19821108
19821109
19821110
19821111
19821112
19821113
19821114
19821115
19821116
19821117
19821118
19821119
19821120
19821121
19821122
19821123
19821124
19821125
19821126
19821127
19821128
19821129
19821130
19821201
19821202
19821203
19821204
19821205
19821206
19821207
19821208
19821209
19821210
19821211
19821212
19821213
19821214
19821215
19821216
19821217
19821218
19821219
19821220
19821221
19821222
19821223
19821224
19821225
19821226
19821227
19821228
19821229
19821230
19821231
19830101
19830102
19830103
19830104
19830105
19830106
19830107
19830108
19830109
19830110
19830111
19830112
19830113
19830114
19830115
19830116
19830117
19830118
19830119
19830120
19830121
19830123
19830124
19830125
19830126
19830127
19830128
19830129
19830130
19830201
19830202
19830203
19830204
19830205
19830206
19830207
19830208
19830209
19830210
19830211
19830212
19830213
19830214
19830215
19830216
19830217
19830218
19830219
19830220
19830221
19830222
19830223
19830224
19830225
19830226
19830227
19830228
19830301
19830302
19830303
19830304
19830305
19830306
19830307
19830308
19830309
19830310
19830311
19830312
19830313
19830314
19830315
19830316
19830317
19830318
19830320
19830321
19830323
19830324
19830325
19830326
19830327
19830328
19830329
19830330
19830401
19830402
19830404
19830405
19830406
19830407
19830408
19830410
19830411
19830412
19830414
19830415
19830416
19830417
19830418
19830419
19830420
19830421
19830422
19830423
19830424
19830425
19830426
19830427
19830428
19830429
19830501
19830502
19830503
19830504
19830505
19830506
19830507
19830508
19830510
19830511
19830512
19830513
19830514
19830515
19830516
19830517
19830518
19830519
19830520
19830521
19830522
19830523
19830524
19830525
19830526
19830527
19830528
19830529
19830601
19830602
19830603
19830604
19830605
19830606
19830607
19830608
19830609
19830610
19830611
19830612
19830613
19830614
19830615
19830616
19830617
19830618
19830619
19830620
19830621
19830622
19830623
19830624
19830625
19830626
19830627
19830628
19830629
19830701
19830702
19830703
19830704
19830705
19830706
19830707
19830708
19830709
19830710
19830711
19830712
19830713
19830714
19830715
19830716
19830717
19830718
19830719
19830720
19830721
19830722
19830723
19830724
19830725
19830726
19830727
19830728
19830729
19830801
19830803
19830804
19830805
19830806
19830807
19830808
19830809
19830810
19830811
19830812
19830813
19830814
19830815
19830816
19830817
19830818
19830819
19830820
19830821
19830822
19830823
19830824
19830825
19830826
19830827
19830828
19830829
19830830
19830901
19830902
19830903
19830904
19830905
19830906
19830907
19830908
19830909
19830910
19830911
19830912
19830913
19830914
19830915
19830916
19830917
19830918
19830919
19830920
19830921
19830922
19830923
19830924
19830925
19830926
19830927
19830928
19830929
19830930
19831001
19831002
19831003
19831004
19831005
19831006
19831007
19831008
19831009
19831010
19831011
19831012
19831013
19831014
19831015
19831016
19831017
19831018
19831019
19831020
19831021
19831022
19831023
19831024
19831025
19831026
19831027
19831028
19831029
19831030
19831031
19831101
19831102
19831103
19831104
19831105
19831106
19831107
19831108
19831109
19831110
19831111
19831112
19831113
19831114
19831115
19831116
19831117
19831118
19831119
19831120
19831121
19831122
19831123
19831124
19831125
19831126
19831127
19831128
19831129
19831130
19831201
19831202
19831203
19831204
19831205
19831206
19831207
19831208
19831209
19831210
19831211
19831212
19831213
19831214
19831215
19831216
19831217
19831218
19831219
19831220
19831221
19831222
19831223
19831224
19831225
19831226
19831227
19831228
19831229
19831230
19831231
19840101
19840102
19840103
19840104
19840105
19840106
19840107
19840108
19840109
19840110
19840111
19840112
19840113
19840114
19840115
19840116
19840117
19840118
19840119
19840120
19840121
19840122
19840123
19840124
19840125
19840126
19840127
19840128
19840129
19840130
19840131
19840201
19840202
19840203
19840204
19840205
19840206
19840207
19840208
19840209
19840210
19840211
19840212
19840213
19840214
19840215
19840216
19840217
19840218
19840219
19840220
19840221
19840222
19840223
19840224
19840225
19840226
19840227
19840228
19840229
19840301
19840302
19840303
19840304
19840305
19840306
19840307
19840308
19840309
19840310
19840311
19840312
19840313
19840314
19840315
19840316
19840317
19840318
19840319
19840320
19840321
19840322
19840323
19840324
19840325
19840326
19840327
19840328
19840329
19840401
19840402
19840403
19840404
19840405
19840407
19840408
19840409
19840410
19840411
19840412
19840413
19840414
19840415
19840416
19840417
19840418
19840419
19840420
19840421
19840422
19840423
19840424
19840426
19840427
19840428
19840429
19840501
19840502
19840503
19840504
19840505
19840506
19840507
19840508
19840509
19840510
19840511
19840512
19840513
19840514
19840515
19840516
19840517
19840518
19840519
19840520
19840521
19840522
19840523
19840524
19840525
19840526
19840527
19840528
19840529
19840601
19840602
19840603
19840604
19840605
19840606
19840607
19840608
19840609
19840610
19840611
19840612
19840613
19840614
19840615
19840616
19840617
19840618
19840619
19840620
19840621
19840622
19840623
19840624
19840625
19840626
19840627
19840628
19840629
19840701
19840702
19840703
19840704
19840705
19840706
19840707
19840708
19840709
19840710
19840711
19840712
19840713
19840714
19840715
19840716
19840717
19840718
19840720
19840721
19840722
19840723
19840724
19840725
19840726
19840728
19840729
19840730
19840801
19840802
19840803
19840804
19840805
19840806
19840807
19840808
19840809
19840810
19840811
19840812
19840813
19840814
19840815
19840816
19840817
19840818
19840819
19840820
19840821
19840822
19840823
19840824
19840825
19840826
19840827
19840828
19840829
19840901
19840902
19840903
19840904
19840905
19840906
19840907
19840908
19840909
19840910
19840911
19840912
19840913
19840914
19840915
19840916
19840917
19840918
19840919
19840920
19840921
19840922
19840923
19840924
19840925
19840926
19840927
19840928
19840929
19840930
19841001
19841002
19841003
19841004
19841005
19841006
19841007
19841008
19841009
19841011
19841012
19841013
19841014
19841017
19841019
19841021
19841027
19841028
19841029
19841030
19841031
19841101
19841102
19841103
19841104
19841105
19841106
19841107
19841108
19841109
19841110
19841111
19841112
19841113
19841114
19841115
19841116
19841117
19841118
19841119
19841120
19841121
19841122
19841123
19841124
19841125
19841126
19841127
19841128
19841129
19841130
19841201
19841202
19841203
19841204
19841205
19841206
19841207
19841208
19841209
19841210
19841211
19841212
19841213
19841214
19841215
19841216
19841217
19841218
19841219
19841220
19841221
19841222
19841223
19841224
19841225
19841226
19841227
19841228
19841229
19841230
19841231
19850000
19850101
19850102
19850103
19850104
19850105
19850106
19850107
19850108
19850109
19850110
19850111
19850112
19850113
19850114
19850115
19850116
19850117
19850118
19850119
19850120
19850121
19850122
19850123
19850124
19850125
19850126
19850127
19850128
19850129
19850130
19850201
19850202
19850203
19850204
19850205
19850206
19850207
19850208
19850209
19850210
19850211
19850212
19850213
19850214
19850215
19850216
19850217
19850218
19850219
19850220
19850221
19850222
19850223
19850224
19850225
19850226
19850227
19850228
19850301
19850302
19850303
19850304
19850305
19850306
19850307
19850308
19850309
19850310
19850311
19850312
19850313
19850314
19850315
19850316
19850317
19850318
19850319
19850320
19850321
19850322
19850323
19850324
19850325
19850326
19850327
19850328
19850329
19850330
19850401
19850402
19850403
19850404
19850406
19850408
19850409
19850410
19850411
19850412
19850413
19850414
19850415
19850416
19850417
19850418
19850419
19850420
19850421
19850422
19850423
19850424
19850425
19850426
19850427
19850428
19850429
19850501
19850502
19850503
19850504
19850505
19850506
19850507
19850508
19850509
19850510
19850511
19850512
19850513
19850514
19850515
19850516
19850517
19850518
19850519
19850520
19850521
19850522
19850523
19850524
19850525
19850526
19850527
19850528
19850529
19850530
19850601
19850602
19850603
19850604
19850605
19850606
19850607
19850608
19850609
19850610
19850611
19850612
19850613
19850614
19850615
19850616
19850617
19850618
19850619
19850620
19850621
19850622
19850623
19850624
19850625
19850626
19850627
19850628
19850629
19850630
19850701
19850702
19850703
19850704
19850705
19850706
19850707
19850708
19850709
19850710
19850711
19850712
19850713
19850714
19850715
19850716
19850717
19850718
19850719
19850720
19850721
19850722
19850723
19850724
19850725
19850726
19850727
19850728
19850729
19850730
19850801
19850802
19850803
19850804
19850805
19850806
19850807
19850808
19850809
19850810
19850811
19850812
19850813
19850814
19850815
19850816
19850817
19850818
19850819
19850820
19850821
19850822
19850823
19850824
19850825
19850826
19850827
19850828
19850829
19850901
19850902
19850903
19850904
19850905
19850906
19850907
19850908
19850909
19850910
19850911
19850912
19850913
19850914
19850915
19850916
19850917
19850918
19850919
19850920
19850921
19850922
19850923
19850924
19850925
19850926
19850927
19850928
19850929
19850930
19851001
19851002
19851003
19851004
19851005
19851006
19851007
19851008
19851009
19851011
19851012
19851013
19851014
19851016
19851017
19851018
19851019
19851020
19851021
19851022
19851023
19851024
19851026
19851027
19851028
19851029
19851030
19851031
19851101
19851102
19851103
19851104
19851105
19851106
19851107
19851108
19851109
19851110
19851111
19851112
19851113
19851114
19851115
19851116
19851117
19851118
1985111802
19851119
19851121
19851122
19851123
19851124
19851125
19851126
19851127
19851128
19851129
19851130
19851201
19851202
19851203
19851204
19851205
19851206
19851207
19851208
19851209
19851210
19851211
19851213
19851214
19851215
19851216
19851217
19851218
19851219
19851220
19851221
19851222
19851223
19851224
19851226
19851227
19851228
19851229
19851230
19851231
19860101
19860102
19860103
19860104
19860105
19860106
19860107
19860108
19860109
19860110
19860111
19860112
19860113
19860114
19860115
19860116
19860117
19860118
19860119
19860120
19860121
19860122
19860123
19860124
19860125
19860126
19860127
19860128
19860129
19860201
19860202
19860203
19860204
19860205
19860206
19860207
19860208
19860209
19860210
19860211
19860212
19860213
19860214
19860215
19860216
19860217
19860218
19860219
19860220
19860221
19860222
19860223
19860224
19860225
19860226
19860227
19860228
19860301
19860302
19860303
19860304
19860305
19860306
19860307
19860308
19860309
19860310
19860311
19860312
19860313
19860314
19860315
19860316
19860317
19860318
19860319
19860320
19860321
19860322
19860323
19860324
19860325
19860326
19860327
19860328
19860329
19860330
19860401
19860402
19860403
19860404
19860405
19860406
19860407
19860408
19860409
19860410
19860411
19860412
19860413
19860414
19860415
19860416
19860417
19860418
19860419
19860420
19860421
19860422
19860423
19860424
19860425
19860426
19860427
19860428
19860429
19860501
19860502
19860503
19860504
19860505
19860506
19860507
19860508
19860509
19860510
19860511
19860512
19860513
19860514
19860515
19860516
19860517
19860518
19860519
19860520
19860521
19860522
19860523
19860524
19860525
19860526
19860527
19860528
19860529
19860530
19860601
19860602
19860603
19860604
19860605
19860606
19860607
19860608
19860609
19860610
19860611
19860612
19860613
19860614
19860615
19860616
19860617
19860618
19860619
19860620
19860621
19860622
19860623
19860624
19860625
19860626
19860627
19860628
19860629
19860630
19860701
19860702
19860703
19860704
19860705
19860706
19860707
19860708
19860709
19860710
19860711
19860712
19860713
19860714
19860715
19860716
19860717
19860718
19860719
19860720
19860721
19860722
19860723
19860724
19860725
19860726
19860727
19860728
19860729
19860801
19860802
19860803
19860804
19860805
19860806
19860807
19860808
19860809
19860810
19860811
19860812
19860813
19860814
19860815
19860816
19860817
19860818
19860819
19860820
19860821
19860822
19860823
19860824
19860825
19860826
19860827
19860828
19860829
19860830
19860901
19860902
19860903
19860904
19860905
19860906
19860907
19860908
19860909
19860910
19860911
19860912
19860913
19860914
19860915
19860916
19860917
19860918
19860919
19860920
19860921
19860922
19860923
19860924
19860925
19860926
19860927
19860928
19860929
19861001
19861002
19861003
19861004
19861005
19861006
19861007
19861008
19861009
19861014
19861017
19861019
19861027
19861029
19861030
19861031
19861101
19861102
19861103
19861104
19861105
19861106
19861107
19861108
19861109
19861110
19861111
19861112
19861113
19861114
19861115
19861116
19861117
19861118
19861119
19861122
19861124
19861126
19861127
19861128
19861129
19861130
19861201
19861202
19861203
19861204
19861205
19861206
19861207
19861208
19861209
19861211
19861213
19861214
19861215
19861217
19861219
19861221
19861222
19861223
19861224
19861226
19861227
19861228
19861229
19861230
19861231
19870101
19870102
19870103
19870104
19870105
19870106
19870107
19870108
19870109
19870110
19870111
19870112
19870113
19870114
19870115
19870116
19870117
19870118
19870119
19870120
19870121
19870122
19870123
19870124
19870125
19870126
19870127
19870128
19870129
19870130
19870131
19870201
19870202
19870203
19870204
19870205
19870206
19870207
19870208
19870209
19870210
19870211
19870212
19870213
19870214
19870215
19870216
19870217
19870218
19870219
19870220
19870221
19870222
19870223
19870224
19870225
19870226
19870227
19870228
19870301
19870302
19870303
19870304
19870305
19870306
19870307
19870308
19870309
19870310
19870311
19870312
19870313
19870314
19870315
19870316
19870317
19870318
19870319
19870320
19870321
19870322
19870323
19870324
19870325
19870326
19870327
19870328
19870329
19870330
19870331
19870401
19870402
19870403
19870404
19870405
19870406
19870407
19870408
19870409
19870410
19870411
19870412
19870413
19870414
19870415
19870416
19870417
19870418
19870419
19870420
19870421
19870422
19870423
19870424
19870425
19870426
19870427
19870428
19870429
19870430
19870501
19870502
19870503
19870504
19870505
19870506
19870507
19870508
19870509
19870510
19870511
19870512
19870513
19870514
19870515
19870516
19870517
19870518
19870519
19870520
19870521
19870522
19870523
19870524
19870525
19870526
19870527
19870528
19870529
19870530
19870531
19870601
19870602
19870603
19870604
19870605
19870606
19870607
19870608
19870609
19870610
19870611
19870612
19870613
19870614
19870615
19870616
19870617
19870618
19870619
19870620
19870621
19870622
19870623
19870624
19870625
19870626
19870627
19870628
19870629
19870630
19870701
19870702
19870703
19870704
19870705
19870706
19870707
19870708
19870709
19870710
19870711
19870712
19870713
19870714
19870715
19870716
19870717
19870718
19870719
19870720
19870721
19870722
19870723
19870724
19870725
19870726
19870727
19870728
19870729
19870730
19870801
19870802
19870803
19870804
19870805
19870806
19870807
19870808
19870809
19870810
19870811
19870812
19870813
19870814
19870815
19870816
19870817
19870818
19870819
19870820
19870821
19870822
19870823
19870824
19870825
19870826
19870827
19870828
19870829
19870830
19870831
19870901
19870902
19870903
19870904
19870905
19870906
19870907
19870908
19870909
19870910
19870911
19870912
19870913
19870914
19870915
19870916
19870917
19870918
19870919
19870920
19870921
19870922
19870923
19870923wex
19870924
19870925
19870926
19870927
19870928
19870929
19870930
19871001
19871002
19871003
19871004
19871005
19871006
19871007
19871008
198710086
19871009
19871011
19871012
19871013
19871014
19871015
19871016
19871017
19871018
19871019
19871021
19871022
19871023
19871025
19871026
19871027
19871028
19871029
19871030
19871031
19871101
19871102
19871103
19871104
19871105
19871106
19871107
19871108
19871109
19871110
19871111
19871112
19871113
19871114
19871115
19871116
19871117
19871118
19871119
19871120
19871121
19871122
19871123
19871124
19871125
19871126
19871127
19871128
19871129
19871130
19871201
19871202
19871203
19871204
19871205
19871206
19871207
19871208
19871209
19871210
19871211
19871212
19871213
19871214
19871215
19871216
19871217
19871218
19871219
19871220
19871221
19871222
19871223
19871224
19871225
19871226
19871227
19871228
19871229
19871230
19871231
19871271987
198712821
19880101
19880102
19880103
19880104
19880105
19880106
19880107
19880108
19880109
19880110
19880111
19880112
19880113
19880114
19880115
19880116
19880117
19880118
19880119
19880120
19880121
19880122
19880123
19880124
19880125
19880126
19880127
19880128
19880129
19880130
19880131
19880201
19880202
19880203
19880204
19880205
19880206
19880207
19880208
19880209
19880210
19880211
19880212
19880213
19880214
19880215
19880216
19880217
19880218
19880219
19880220
19880221
19880222
19880223
19880224
19880225
19880226
19880227
19880228
19880229
19880301
19880302
19880303
19880304
19880305
19880306
19880307
19880308
19880309
19880310
19880311
19880312
19880313
19880314
19880315
19880316
19880317
19880318
19880319
19880320
19880321
19880322
19880323
19880324
19880325
19880326
19880327
19880328
19880329
19880330
19880331
19880401
19880402
19880403
19880404
19880405
19880406
19880407
19880408
19880409
19880410
19880411
19880412
19880413
19880414
19880415
19880416
19880417
19880418
19880419
19880420
19880421
19880422
19880423
19880424
19880425
19880426
19880427
19880428
19880429
19880501
19880502
19880503
19880504
19880505
19880506
19880507
19880508
19880509
19880510
19880511
19880512
19880513
19880514
19880515
19880516
19880517
19880518
19880519
19880520
19880521
19880522
19880523
19880524
19880525
19880526
19880527
19880528
19880529
19880530
19880531
19880601
19880602
19880603
19880604
19880605
19880606
19880607
19880608
19880609
19880610
19880611
19880612
19880613
19880614
19880615
19880616
19880617
19880618
19880619
19880620
19880621
19880622
19880623
19880624
19880625
19880626
19880627
19880628
19880629
19880630
19880701
19880702
19880703
19880704
19880705
19880706
19880707
19880708
19880709
19880710
19880711
19880712
19880713
19880714
19880715
19880716
19880717
19880718
19880719
19880720
19880721
19880722
19880723
19880724
19880725
19880726
19880727
19880728
19880729
19880730
19880801
19880802
19880803
19880804
19880805
19880806
19880807
19880808
19880809
19880810
19880811
19880812
19880813
19880814
19880815
19880816
19880817
19880818
19880819
19880820
19880821
19880822
19880823
19880824
19880825
19880826
19880827
19880828
19880829
19880830
19880831
19880901
19880902
19880903
19880904
19880905
19880906
19880907
19880908
19880909
19880910
19880911
19880912
19880913
19880914
19880915
19880916
19880917
19880918
19880919
19880920
19880921
19880922
19880923
19880924
19880925
19880926
19880927
19880928
19880929
19881001
19881002
19881003
19881004
19881005
19881006
19881007
19881008
19881009
19881011
19881012
19881013
19881014
19881015
19881016
19881017
19881018
19881019
19881020
19881021
19881022
19881023
19881024
19881025
19881026
19881027
19881028
19881029
19881030
19881031
19881101
19881102
19881103
19881104
19881105
19881106
19881107
19881108
19881109
19881110
19881111
19881112
19881113
19881114
19881115
19881116
19881117
19881118
19881119
19881120
19881121
19881122
19881123
19881124
19881125
19881126
19881127
19881128
19881129
19881130
19881201
19881202
19881203
19881204
19881205
19881206
19881207
19881208
19881209
19881210
19881211
19881212
19881213
19881214
19881215
19881216
19881217
19881218
19881219
19881220
19881221
19881222
19881223
19881224
19881225
19881226
19881227
19881228
19881229
19881230
19881231
19885510
19888888
19890101
19890102
19890103
19890104
19890105
19890106
19890107
19890108
19890109
19890110
19890111
19890112
19890113
19890114
19890115
19890116
19890117
19890118
19890119
19890120
19890121
19890122
19890123
19890124
19890125
19890126
19890127
19890128
19890129
19890130
19890201
19890202
19890203
19890204
19890205
19890206
19890207
19890208
19890209
19890210
19890211
19890212
19890213
19890214
19890215
19890216
19890217
19890218
19890219
19890220
19890221
19890222
19890223
19890224
19890225
19890226
19890227
19890228
19890301
19890302
19890303
19890304
19890305
19890306
19890307
19890308
19890309
19890310
19890311
19890312
19890313
19890314
19890315
19890316
19890317
19890318
19890319
19890320
19890321
19890322
19890323
19890324
19890325
19890326
19890327
19890328
19890329
19890401
19890402
19890403
19890404
19890405
19890406
19890407
19890408
19890409
19890410
19890411
19890412
19890413
19890414
19890415
19890416
19890417
19890418
19890419
19890420
19890421
19890422
19890423
19890425
19890426
19890427
19890428
19890429
19890430
19890501
19890502
19890503
19890504
19890505
19890506
19890507
19890508
19890509
19890510
19890511
19890512
19890513
19890514
19890515
19890516
19890517
19890518
19890519
19890520
19890521
19890522
19890523
19890524
19890525
19890526
19890527
19890528
19890529
19890601
19890602
19890603
19890604
19890605
19890606
19890607
19890608
19890609
19890610
19890611
19890612
19890613
19890614
19890615
19890616
19890617
19890618
19890619
19890620
19890621
19890622
19890623
19890624
19890625
19890626
19890627
19890628
19890629
19890630
19890701
19890702
19890703
19890704
19890705
19890706
19890707
19890708
19890709
19890710
19890711
19890712
19890713
19890714
19890715
19890716
19890717
19890718
19890719
19890720
19890721
19890722
19890723
19890724
19890725
19890726
19890727
19890728
19890729
19890801
19890802
19890803
19890804
19890805
19890806
19890808
19890809
19890810
19890811
19890812
19890813
19890814
19890815
19890816
19890817
19890818
19890819
19890820
19890821
19890822
19890823
19890824
19890825
19890826
19890827
19890828
19890829
19890830
19890901
19890902
19890903
19890904
19890905
19890906
19890907
19890908
19890909
19890910
19890911
19890912
19890913
19890914
19890915
19890916
19890917
19890918
19890919
19890920
19890921
19890922
19890923
19890924
19890925
19890926
19890927
19890928
19890929
19891001
19891002
19891003
19891004
19891005
19891006
19891007
19891008
19891009
19891010
19891011
19891012
19891013
19891014
19891015
19891016
19891017
19891018
19891019
19891020
19891021
19891022
19891023
19891024
19891025
19891026
19891027
19891028
19891029
19891030
19891031
19891101
19891102
19891103
19891104
19891105
19891106
19891107
19891108
19891109
19891110
19891111
19891112
19891113
19891114
19891115
19891116
19891117
19891118
19891119
19891120
19891121
19891122
19891123
19891124
19891125
19891126
19891127
19891128
19891129
19891130
19891201
19891202
19891203
19891204
19891205
19891206
19891207
19891208
19891209
19891210
19891211
19891212
19891213
19891214
19891215
19891216
19891217
19891218
19891219
19891220
19891221
19891222
19891223
19891224
19891225
19891226
19891227
19891228
19891229
19891230
19891231
19900101
19900102
19900104
19900105
19900108
19900109
19900110
19900113
19900118
19900122
19900123
19900124
19900125
19900126
19900201
19900202
19900203
19900205
19900206
19900207
19900208
19900209
19900210
19900211
19900213
19900214
19900215
19900216
19900217
19900218
19900219
19900227
19900228
19900301
19900306
19900307
19900312
19900314
19900320
19900321
19900329
19900415
19900503
19900504
19900505
19900510
19900512
19900513
19900516
19900520
19900523
19900525
19900526
19900624
19900707
19900711
19900718
19900801
19900811
19900818
19900820
19900824
19900910
19900916
19901001
19901002
19901003
19901008
19901010
19901011
19901012
19901013
19901014
19901015
19901016
19901017
19901018
19901019
19901020
19901021
19901022
19901023
19901024
19901025
19901026
19901027
19901028
19901029
19901030
19901101
19901102
19901105
19901110
19901111
19901112
19901115
19901117
19901120
19901122
19901123
19901124
19901125
19901126
19901127
19901128
19901129
19901130
19901206
19901210
19901211
19901212
19901213
19901214
19901215
19901218
19901220
19901221
19901224
19901225
19901227
19901230
19941128
19970701
19990125
19991999
19999999
1Dragon
1Master
1Pussy
1Q2W3E4R
1Q2W3E4R5T
1Q2w3e4r
1Qaz2wsx!@#
1a1a1a1a
1a2a3a
1a2s3d
1a2s3d4f
1a2s3d4f5g
1andonly
1angel
1asshole
1babygirl
1blood
1family
1football
1fuckyou
1h2h2h3h4h
1hottie
1jesus
1lover
1loveyou
1million
1monkey
1myspace
1passwor
1princess
1q1q1q1q
1q2q3q
1q2w3e
1q2w3e,./? ><
1q2w3e4r
1q2w3e4r!!
1q2w3e4r5t6y7u8i9o0p
1qa2ws
1qaz
1qaz!QAZ
1qaz2WSX
1qaz2ws
1qaz2wsx
1qaz@WSX
1qaz@wsx
1qaz@wsx#edc
1qazXSW@
1qazXSW@123
1qazwsx
1qazxdr5!@#
1qazxsw2
1qazxsw23edc
1qazzaq1
1qw23er4
1qwert
1r2t3y4u
1rtj689d
1truelove
1z2x3c
1z2x3c4v
2
20000000
2001112
20011983
20011988
20011989
20021212
20021986
20021988
20031985
20031986
20031987
20031988
20031990
20031991
20031992
200401265
20041985
20041986
20041988
20041990
20042008
2005
20051987
20051988
20051989
20061983
20061990
20061991
20070101
20071984
20071986
20071988
20080101
200802200802
20081990
20090101
20090909
20091986
20091988
20091991
200919ab
2010
20100000
20100101
2010comer
20111986
201201201
20121988
2012comeer
201301
201314201314
203203203
21011988
21011989
21011991
210210210
21021985
21021988
21021989
21031984
21031986
21031987
21031988
21041985
21041987
21041991
21041992
21051986
21051988
21051991
21061985
21061986
21061988
21071987
21071989
21071992
21081985
21091989
21101983
21101987
21101988
21101989
21111983
21111985
21111986
21111989
21111990
211211211
21121986
211314211314
213213213
21345678
214214214
21436587
218218218
21876346a
21882188
21vianet
22
22011986
22011988
22011992
22021989
22021990
22031984
22031991
22041985
22041986
22041987
22041988
22051986
22051988
22051989
22051991
22061941
22061988
22061989
22061990
22071983
22071984
22071985
22071986
22071988
22071989
22071990
22071991
22081983
22081986
22091986
22091988
22091990
22091991
22111988
22121983
22121989
221221221
222
2222
22221111
222222
2222222
222222222
22223333
222777
223322
2269439999
23011985
23011990
23021983
23021989
23021992
23031983
23031986
23031990
23041986
23041988
23041991
23051983
23051985
23051986
23051990
23061987
23061989
23061990
23061992
23091985
23091986
23091987
23091989
23091991
23111986
23111989
2323456
23242526
23skidoo
24011985
24011987
24011990
24021988
24021991
24031987
24031988
24031990
24041988
24051989
24051990
24061985
24061986
24061987
24061988
24061992
24071987
24071990
24071991
24071992
24081988
24091986
24091991
24101984
24101988
24101989
24101990
24101991
24111987
24111989
24111990
24121988
24121989
24681357
24682468
2469
25011985
25011986
25011993
25021986
250250250
25031983
25031984
25031991
25041985
25041987
25041988
25041991
25051980
25071983
25071985
25071987
25071990
25081985
25081988
25081989
25091987
25091989
25091990
25091991
250976046
25101988
25101989
25111987
25111991
25121987
251314251314
254044375
25800852
2582525775
258258258
258369147
25897758
26011986
26011990
26021987
26021992
26031984
26031986
26031987
26031988
26031990
26031991
26041991
26051986
26051988
26061986
26061989
26061991
26071984
26071986
26071987
26071989
26081986
26091986
26101986
26111985
26121989
26262626
26511314
27011988
27021990
27021991
27021992
27031986
27031987
27031989
27031992
27041985
27041990
27051987
27061983
27061985
27061988
27071987
27071988
27081986
27081990
27091985
27091991
27105821
27111985
27111989
27111990
27182818
2718281828
27272727
28011988
28021983
28021985
28021986
28021990
28021992
28031982
28041992
28051985
28051986
28051987
28051990
28061986
28061988
28071985
28071986
28071987
28081986
28081990
28101986
28121989
2828
28282828
2870873859
2876180com
28845452884545
29011982
29011985
29011987
29031990
29041985
29041988
29041989
29051985
29051989
29051990
29051992
29061986
29061988
29061989
29061990
29071983
29071985
29081985
29081990
29091987
29111988
29111989
2999811983
2cool4u
2cute4u
2fast4u
2girls
2hot4u
2sexy4u
2wsx3edc
2wsxcde3
3
3.14159265
3.141592653
3.1415926535
3.141592654
3000gt
30011986
30011987
30011990
30031986
30031988
30041985
30041986
30041987
30041991
30051987
30051989
30061983
30061988
30071986
30081984
30091989
30101988
30111987
30121985
30121987
301415926
3030
30303030
305488940
30798764681
31011987
31011990
310310310
31031987
31031988
31051982
31051987
31051991
31051993
3106028011
31071990
31101987
31121985
31121987
31121988
31121990
311311311
312
312312312
3131
31313131
3135134162
314159265
31415926535
314159265358
3141592654
31415927
314159314159
314314314
31496081
315315315
316316316
318318318
319319319
320320320
3203672
32103210
321456789
32167
3216732167
321678
32323232
3245gs5662d34
325325325
326326326
326598
33
33123456
33221100
3333
33333
333333
3333333
333333333
33334444
33336666
33338888
333444
333666999
333777
334205265
334455
33445566
3344556677
33455432
335201314
3366994qaz
33787943
3434
34343434
34567890
345gs5662d34
35353535
357357
3636
36363636
365obsserver!
36987412
369874125
3714261985
37213721
38183818
38383838
393041123
395835961
3H8IDC!!#
3H8IDC72sanhe000
3children
3girls
3ip76k2
3rJs1la2qE
3rJs5la8qE
3x7PxR
4040
410651410651
411192710
4128
415415415
4200
420000
42011178
4242
426hemi
4294967296
43214321
43420024
44
4417
44332211
444
4444
44444
4444444
444444444
44448888
44556677
45612300
45612312
456123123
456123456
456123456123
45678900
45683968
45685200
456852123
456852456
456852456852
456852852
45874587
45M2DO5BS
46709394
4711
4867086
492357816
494949
49ers
4dm1n
4e2q1w3r
4ever
4r3e2w1q
5
5000
50206735020673
502502502
5050
50spanks
510406030
51211314
512512512
513tyml.com
515000
51515151
516516516
517517517
518518518
51885188
51888888
52000000
52001314
5200251314
52005200
520090025hgb
520123456
5201314..
5201314000
520131411
520131415
5201314159
52013144
52013145
520131456
5201314584
52013148
520131488
520131499
5201314aa
5201314abc
5203344587
520fagnsg
52100000
52101314
52105210
52111314
521125521
521125521125
52113140
52113141
52113141314
52113145211314
5211314a
521224727
5213713752
521521521521
52331314
523523523
5252
52525252
52571314
526526526
52771314
528528528
53231323
5329
53589793
54181452
54185418
541881452
5418854188
5424
543210
545007273
546546546
547896321
55
551648586
5532361cnjqrf
555
55555
555555
5555555
555555555
55556666
55558888
555666777
55665566
55667788
560111aa
562059487
56565656
5656789
56781234
56785678
569874123
57chevy
58080596547
584334421
58451201314
5845131420
5845131421
5845213344
584521584521
58585858
5Wr2i7H8
5hsU75kpoT
5i5i5i5i
5xfgs3Ii9D
6
60200946
60729043
614614614
61616161
618618618
619030475
624624624
630158513
63636363
646656xz7
6504710shuazuan
654123
654321
65432100
65432111
654321654321
654321abc
654654654
655321
65656565
66079350
662766
666
66613666
6666
66666
666666
666666666
66666688
666666a
66667777
66668888
66669999
6668881204511
666888999
66700388
66778899
668668668
66886688
6695zx
676767
67676767
68686868
68856636
68973435779
69696
6996
69camaro
6V21wbgad
7
700629gh
70701111
7215217758
729729729
731731731
737373
74108520963.
7410852963
74123698
741741741
74185296
74511940
74747474
748159263
748748748
752883855.
75395100
753951123
753951456
753951753951
76543210
77
770880520
7715123
7734
77582580
7758258123
7758258258
77582587758258
77582588
7758258a
77585200
77585201314
7758521.
7758521000
77585211
7758521520
7758521qq
77587758
777
777333
777666
7777
777777
7777777
777777777
7777777a
77778888
777888999
777999
77881230
77885210
77887788
77889900
78787878
7894561230.
78951230
789512357
789852123
789987789
790297648
794613
794613852
79797979
7ujMko0admin
8
800800800
8012160713
80238023
80808080
81818181
81fukkc
82468246
82537724
826826826
82828282
831101qsl
83869247
84131421
84423196
846528ydt
84821742
852741963
852799!!!
852852852
85411165
85602222
85858585
8630516boss
86680101
86868686
875421
87651234
876543210
87878787
88
881125881125
882627.8
88488848
885201314
8866810635956388
886886886
88771024
8888
88880000
88886666
88888123
888888
8888888
888888889
88888888A
88889999
88982866
88998899
89080620084
891023hh
891129aaa
896352639
8975789757
8989
89898989
8ix6S1fceH
90332773
90909090
911911911
918918918
951753123
951753852
951753951753
951ljb753
95217
95217189
95279527
9527999!!!
95313
953139.
9562876
95959595
96111111
96321478
963214785
9632587410
96385274
963963963
96969696
98188729
98741236
987456123
987654123
987654321
987987987
98989898
99
99819981
99887766
998998998
999
999666
999666333
999888777
9999
99990000
99996666
99998888
99999
9999999
?????
??????
@Dmin123
A123456
A1234567890
A123456789a
A123456a
A@ditzu123
AA123456
AAA111111
AAAAAAAAAAAAAAAAAAAA
AAASSSDDD
AAAaaa111
ABCabc123
AKAX89Wn
ANDREW
ASDFZXCV
ASDqwe123
ASDzxc123456
Aa111111
Aa112211
Aa12345
Aa123456
Aa123456*
Aa1234567890@
Ab123456
Abc112233
Abcd1234
Ac123456
Admin!@#
Admin12
Admin123
Admin1234567
Admin12345678
Admin2
Admin7
Admin9
Admin@123
Admin@1234
Alexander
Anai
Andrew
Apple2025
Asdfghjkl;
Avatar
Az123456789
Azerty123
BASEBALL
Baseball
Batman
Beast1
Black@123
Blank123
Blank123456789
Blank3
Blank5
Blank7
Blank9
Blink123
Buster
CAONIMA123
CHOCOLATE
CM6E7Aumn9
CZ123456
Centos
Centos0
Centos10
Ch@ng3M3
DD123456
DINGDANG
Dallas
Data@123
Debian10
Debian1234
Debian12345
Debian1234567890
Debian2
Debian9
Dragon1
Exigen
FAN123456
FANG123456
FANGFANG
FOOTBALL
FUCKYOU
Fabie
Fktrcfylh
Football
Fuyume123
GEORGE
GOLF
George
Gg123456
Good123654
HARLEY
HHHHHHHH
HIZIAD
HY123456
Haohaoxuexi
Heather
Hello@2025
Hellocsdn
Hellokitty
Horny
Huawei@1234
Hunter
JI394SU3
Jfew3289
Jh123456
Johnny123
Jordan23
Joshua
KILLER
Kordell1
LIUQIANG
LKJHGFDSA
LOVE
LOVEFOREVER
LUO123456
La123456
Letmein1
LinkedIn
Linux@2024
Linux@321
Lj123456
Love2008
MASTER
MINGTIAN
MOTOROLA
MUSTANG
MaprCheM56458
Marlboro
Master1
Matthew
Maverick
Megaparol
Megaparol12345
Mercedes
Merlin
Michael1
Million2
Misfit99
Mm123456@
Mustang
Mustang1
Nobody11
Nobody8
Nobody9
OAOidc
OAOidc123
OAOidc123!@#
OOOO0000
OcPOOok325
Omni
P@55w0rd
P@ssw0rd
P@ssw0rdSISCART
P@ssworD1
P@ssword
PASSWORD123
POIUYTREWQ
PUSSY
Pa$$W0rd
Pa$$w0rd
Parola12
Passw0rd
Passw0rd!
Passw@rd
Password
Password01!
Password1
Password1234
Password12345
Password@123
Phoeni
Phoenix
PolniyPizdec0211
PolniyPizdec1102
PolniyPizdec110211
Princess
Q11111111
Q123123123
Q12345678
Q1w2e3r4
QAZ123456789
QIANQIAN
QQ123456
QQ1234567
QQ7758521
QWERTY123
QWERTYUIOP
QWEqwe123!@#
Qaz123321
Qazxsw123
Qq000000
Qq123456
Qt123456
Qwer1234!
Qwer1234.
Qwer@2024
Qwerty
Qwerty1
Ranger
Romantic
Root
Root1
Root12345
Root1234567
Root4
Root7
Root9
Root@2021
Root_123
RuleZ
SHADOW
Salsero
Samantha
Sample123
Secure123
Sina.com
Stone55
Su123123
Support1
Support12
Support123456
Support12345678
Support123456789
Support2
Support4
Support8
TempPassWord
Test
Test12
Test123456
Test1234567
Test2
Test7
Tigger
TnHoo15862380404
Tnk0Mk16VX
Trustno1
Ubnt1
Ubnt123456
Ubnt123456789
Ubnt4
Ubuntu123
UsdopaA
User
User0
User12
User1234
User12345678
User1234567890
User3
User5
ViPHV5J736
Victoria
WANGHUAN
WANGXING
WASDWASD
WOAIZIJI
WOSHINIBA
WOSHINIMA
WP2003WP
Woailaopo
Wy123456
XIONGWEI
XM123123
XUANXUAN
XiaoWang
Xpon@Olt9417#
YC123456
YL123456
YfDbUfNjH10305070
ZHANGHUI
ZHONGGUO$#@!999@
ZXCVBNMMNBVCXZ
Zl123456
Zz@123456
`1234567
````````
a
a0000000
a00000000
a0123456
a111111111
a11223344
a123
a123123a
a1234
a123456.
a123456A
a123456b
a123654
a123a123
a123b123
a1314521
a1a1a1
a1s2d3f4g5
a23456
a520520aa
a5211314
a654321
a77493618
a801016
a88888888
a89400ab
a987654321
aA123456
aA@123456
aB123456
aa000000
aa112233
aa11223344
aa123321
aa123456
aa12345678
aaa123!@#
aaa123123
aaa12345
aaaAAA111
aaaa0000
aaaa1234
aaaaa11111
aaaaaa11
aaaaaa123
aaaaaa5061313
aaaabbbb
aaaassss
aaabcabc
aaaqqq123
aaasss
aabbccdd
aaron431
aassddff
ab1234
abacab
abbas123
abbott
abc!@#
abc111111
abc123
abc123!@#
abc123123
abc123321
abc1234
abc1234567
abc12345678
abc123456@
abc123abc
abc123abc123
abc147258
abc5201314
abc651114
abcabcabc
abcd12
abcd123
abcd1234
abcd36888
abcdabcd
abcde123
abcde1234
abcdef123456
abcdefghijk
abcdefghijklmn
abnormal
absolute
absolutely
abstr
abwdxwtz
ac123456
accpaccp
ace123
aceace
acer
aceracer
achtung
acidburn
acura
ad123456
ada
adam12
adam123
adams
addict
addison
admin
admin.123
admin01
admin1
admin123
admin1234
admin369
admin@123
adminadmin
administrator
administrator123
admins
admintus
adrenalin
adriana
adriana1
adriana123
adriana1234
adriana12345
adrienne
adults
advent
again1
agnieszka
agosto
ai123456
aikman
airman
airport
airwolf
aisan
aistar123<>!N
aiwosuoai
ak123
akopa123
alabama1
alaska1
albany
alberta
alchemy
alcohol
alec
alec1
alec123
alec1234
alec12345
alejandra
alejandra1
alena
alenka
alex11
alex1234
alexandria
alexey
algebra
alinka
alisa
alisha
alive
all4one
alladin79
allah786
allegro
alleycat
allgood
almighty
almond
alphabet
alpine
altima
always
amand
amanda12
amanda123
amarillo
amateurs
amazing1
amber123
ambers
ambrose
ambrosia
americ
america10
american1
amigo
amorcit
amorcito
amp12345
amstel
amuqdedwft
ana123
anada325!@#
anainima
anastasi
anastasiya
anchor
andersen
anderson1
andrew12
andrew123
andrew2
andromed
andromeda
andyandy
andyod22
angel01
angel10
angel101
angel11
angel12
angel14
angel2
angel21
angel22
angel23
angel3
angel5
angel7
angelbaby1
angelic
angus
angus1
anime1
anjali
anna123
annabell
annette1
annika
annmarie
another
ansible
antelope
anthony12
anthony123
anthony2
anthrax
antonina
anything1
aobo2010
aol123
aolsucks
apache
apache123
app
app123
app123456
apple12
apple2
appleapple
appuser
aptiva
arch
argentin
arianna
arianna1
arianna123
arianna1234
arianna12345
arizona1
arkansas
armstron
army
around
arrow
arrows
arschloch
artem
artemka
as123
as123123
as123456789
as790433
asasasas
asd00000
asd123
asd123!!
asd123321
asd12345
asd123asd
asd123asd123
asd147258
asd222
asd456
asdasd33
asdasdasdasd
asddsaasd
asdf12
asdf12345
asdf3423
asdf4321
asdfasdf1
asdfasdfasdf
asdffdsa
asdfg12345
asdfgasdfg
asdfgh
asdfgh01
asdfgh12
asdfgh123
asdfghj1
asdfghjkl:
asdfghjkl;
asdfjkl;
asdfqwer
asdfzxcv
asdzxc123
asgard
ash123
ashish
ashle
ashlee
ashleigh
ashley12
ashley123
ashley2
ashton1
asia
asians
aspen
ass123
asshole123
asshole2
assword
astral
astrid
atlanta1
atlas
atticus
audio
auggie
augustus
austin31
austin316
australia1
auto
autoexec
autumn1
avenue
awful
awnyce
awsgui
axio
axs8873w
aztnm
azureuser@123
azxcvbnm
azzer
b12345
b12345678
b123456789
babatunde
baby01
baby08
baby11
baby1234
baby13
baby14
baby15
baby22
baby23
babyblue1
babyboo1
babycake
babycakes
babycakes1
babydoll1
babyface1
babygirl01
babygirl10
babygirl11
babygirl13
babygirl14
babygirl2
babygirl3
babygirl7
babygurl
babyphat1
bacardi
backend
backspace1
badass1
badgers
bagira
bai18dudu
baidu1599
baidu@123
bailey1
baishikele
baker
baker3
bakhn524d
balaji
baldwin
baller23
ballet
ballin
ballin1
balloons
banan
bananas1
bangalore
banger
bangladesh
bank
banner
baobao521
baobaobao
baobei521
barbados
barfly
baritone
barker
barley
barnes
baron
barron
barry1
barselona
bartman
barton
base
basebal
baseball10
baseball11
baseball12
baseball13
baseball2
baseball21
baseball22
baseball3
baseball4
baseball5
baseball7
baseball8
baseball9
bastard1
bastards
bastion
bathing
batistuta
batman12
batman123
batman2
battery
baxter1
baylor
bb123456
bball
bball1
bball23
bbbbbbb
bbscsdnnet
bdsm
beach1
beacon
beaker
beamer
beans
bearcat
bearcats
beardog
bears1
beast1
beater
beatle
beautifu
becker
beckham7
becky1
bedford
beech
beemer
beerman
beezer
bella123
belmont
benessere
beng
bennie
benny1
bentley1
beowulf
bergkamp
berkeley
berry
bert
bessie
bestbuy
beta
beth
bethany1
betty1
bettyboop1
bhbirf
bian
biao
bigblock
bigblue
bigbob
bigbooty
bigcat
bigdata
bigdawg
bigdick1
bigdicks
bigdog1
bigfish
biggun
bigguns
bighead
bigman1
bigones
bigpimp
bigpoppa
bigred1
bigtit
biit
biker
bilbo
billabon
billabong1
billybob1
binbinbin
bingo1
binladen
bird33
birddog
birgit
biscuit1
bitch!
bitch101
bitch12
bitch13
bitch2
bitch69
bitchass
bitchass1
bitchy
bitchy1
biteme1
bitnami123
bitter
black123
blackie1
blacklab
blackout
blah123
blahblah1
blaine
blake1
blam
blast
blasted1
blaze
blaze1
bledsoe
blond
blonde1
blondie1
blood5
blowfish
blubber
blue11
blue12
blue1234
blue13
blue23
blue32
blue42
blue99
blueball
bluebell
bluefish
bluejays
blues1
bluesman
boater
boating
bobby123
bobdole
body
boiler
bolitas
bologna
bomb
bombers
bonanza
bongo
bonita1
bonner
bonnie1
boo123
boobear
boobies1
booboo2
boobs1
booger1
boogie1
book
booker
bookie
books
boom
boomer1
boots1
bootsie
bootsy
booty1
bootys
booyah
boozer
borders
boricua1
borussia
boshigangchang
bot
bot1123
boulder
bowman
bowtie
bowwow1
boxcar
boxers
boxster
boy123
boytoy
boyz
bozo
br549
bradley1
brady
brain
brains
brand
brandi1
brandon2
braves1
brayden1
breanna
breanna1
breasts
brendan1
brennan
brett
brewer
briana1
bricks
briggs
bright
british
britt1
brittney
brittney1
brodie
broker
broncos1
bronson
bronze
brook
brown1
brownie1
browning
bruce1
bruiser
brutus1
bscirc
bubba123
bubba69
bubble1
bubblegum1
bubbles2
buceta
buckley
buddah
buddie
buddy123
buddy2
buddyboy
budgie
budlight1
budweiser
buffalo1
buffet
buffy1
bugs
building
bukkake
bulldogs1
bullet1
bullfrog
bulls
bumble
bumbum
bummer
bumper
bungle
bunker
bunnies
burn
burner
burning
burns
burrito
business1
buste
buster12
buster123
busty
butcher
butkus
butter1
buttercu
butterfly2
butterfly7
butters
buttfuck
butthead1
buttons1
buzzer
by7704566
bynthytn
c120696363520
c12345
c1234567
c12345678
c123456789
c2h5oh
c3df32ea
cabernet
cable
cabron
cactus
cafc91
cai123456
caitlin1
caja01
caleb1
calgary
call
callie1
callisto
camaro1
camaross
camber
camden
cameltoe
camero
camero1
camil
camilo
camper
candace
candice
candy12
candy123
candyass
cang
canuck
canucks
cao123456
caocaocao
caonima1
caonimade
caonimama
capecod
capetown
capricor
captain1
car123
caravan
card
cardiff
cardinals
cardinals1
cards
carebear
carebear1
career
carlos123
carman
carmex2
carnival
carolin
carolina1
carpedie
carpente
carrie1
carroll
carrots
cars
carter
carter1
carter123
carter1234
carter12345
cartman1
cartoons
carver
cashmone
cashmoney1
casio
cassandr
cassidy1
caster
catcher
catdog1
caterina
catfish1
catnip
cattle
caught
cayman
cbr900rr
cc123456
ccccccc
ccfeng66131421
cd123456
cdtnbr
ceasar
celeb
celebrity
celtic1
cement
ceng
centos
century
cepetsugih
cet333333
cevthrb
cgfhnfr
ch123456
chains
challeng
chambers
champ1
chan
chandler1
change1
changes
changjiang
chaochao
chaos1
chapman
chargers1
chargers21
charisma
charlie123
charlie2
charon
charter
chase1
chatbot123
cheater1
checker
checkers
cheddar
cheech
cheeks
cheeky
cheer
cheer1
cheerleaers
cheese1
cheese12
cheese123
cheesecake
chef
chelse
chelsea123
chen1234
chenchao
chencheng
chendong
chenfeng
cheng123
cheng428
chengang
chengcheng
chenggong
chenglong
chenjing
chenliang
chenlong
chenming
chenpeng
chenqian
chenqiang
chenxiao
chenxing
chenyang
chenying
chenyong
chenzhen
cherries
cheshire
chessie
chestnut
chevys
chewy
cheyenne1
chick
chicken123
chicken2
chico1
children3
chill
chilli
chillin
chilly
chimera
china1
china123
china2008
china6815
chinachina
chinaren
chinayixun
chinook
chipmunk
chipper1
chippy
chivas10
chloe123
chocha
chocolate2
choice
choke
choochoo
chopper1
chosen1
choupiwang
chrdwhdhxt
chris12
chris13
chris2
chrissy1
christi
christian
christma
christmas
christmas1
chrome
chronic1
chuai
chuck
chuck1
chuckie
chui
chunky
chuo
church1
ciao
cigar
circle
cirrus
cisco123
cisco@123
citadel
civic
cj123456
cj7152821
clarke
class09
classics
classof08
classof09
claudi
claudia1
clay
clayton
clayton1
clayton123
clayton1234
clayton12345
clemente
clens21563sf
cleopatr
cliff
clifford
clifton
climax
climber
clippers
clips
clit
clock
close
closer
cloudy
clown
club
clutch
clyde
cme2012
cn835312
cndkervip
cnforyou
cnfybckfd
coach
cobalt
cocksuck
cocksucker
coco123
cocoa1
code8925
code@123
codered
coffee1
cold
coldbeer
cole
collie
colnago
colombia1
colonial
colorado1
colton
comanche
comedy
comein
comeon11
comeonbaby
comfort
coming
common
comp123
compact
company
compass
complete
computer12
concord
confidence
congcong
connie1
connor1
conover
conquest
contest
contra
contract
conway
cookie12
cookie123
cookie2
cool12
cool123
coolcat
cooldude1
coolgirl
coolio1
coolness
cooper1
coors
copper1
coral
corey
corey1
corey123
corey1234
corey12345
corndog
cornwall
corona1
corvette1
corwin
cosmic
cosmo1
costello
cottage
cougars
country1
county
coupon
coupons
coventry
cowgirl
crack
cracker1
crackers
cramps
crappy
crazy123
crazy8
create
creative1
creature
cricket1
criminal
cromwell
cross
crow
crusher
crusty
crystal
crystal1
crystal123
crystal1234
crystal12345
cs123456
csdn.net
csdn1234
csdn123456
csdn2009
csdn2010
csdncsdn
csdnmima
csserver
cthtuf
ctrhtn
cuan
cubs
cucciolo
cucumber
cuddles1
cuervo
cumcum
cumslut
cupoi
curtis1
customer
cutie12
cutie123
cvthnm
cx123456
cy123456
cygnus
cygnusx1
cyprus
cyq721225
d12345
d123456789
d9Zufqd92N
dIWtgm8492
dabears
dabomb
dad123
daddy123
daddyo
daddysgirl
daemon
dahouzi110
daisey
daisy123
daisydog
dajiahao
dalejr8
dalejr88
dallas214
dalshe
dalton1
daman
damian1
damilola
damon
dan123
dance1
dangyuan
daniel12
daniela
daniels
danny123
dante1
daohaosima
darina
darkange
darkman
darrell
darryl
data
dating
datsun
daughter
david12
davies
daydayup
daylight
dayton
dbnfkbr
dbrnjh
dbuser@123
dby123456
ddddddddd
dddddddddd
ddzj39cb3
ddzj39cd9
ddzj49nb3
deadly
deamon_root
deaths
debbie1
december12
decker
deedee1
deep
deepak
deeper
deer
default
dejavu
delaney
delaware
delight
delilah
dell123
delldell
delmar
delphi2009
deluxe
demo
demo123456789
dental
dentist
deploy
deploy123
deputy
derek1
derf
derparol
derrick1
descent
desmond
detective
detroit1
dev
dev123456
dev2024
dev321
developer
deville
devin
devin1
devo
devon
devon1
df000000
dfcbkbq
dfdfdfdf
dfktynby
dg123456
dg123456789
dgdg7234322
dhcp@@2023
diablo1
dialog
diamonds1
diandian
diaper
dickens
dickhead1
dickie
dicky
diego1
diego123
diego1234
diego12345
diesel1
dieter
dietpi
diggler
digital1
dillon1
dimas
dimples
dinara
dindom
dingding
dingle
dingo
dinner
diosesamor
dipset1
dipshit
dirdirdir
dirt
dirtbike1
dirty1
disco
disturbed1
diver
diving
dixie1
dkflbr
dldldldl
dls@123
dmitriy
dns99+588
dnsadm
docker
docker123
dodge
dodge1
dodgers1
dogbert
dogbone
dogboy
dogcat
dogface
dogger
doggie1
doggies
doggy1
doghouse
dogpound
dogshit
dogwood
doitnow
doktor
dolemite
dolphins1
dolphinscheduler
dolphinscheduler123
domain
dome
dominion
dominiqu
dongfang
donkey1
donner
dont4get
dontknow
doodle1
doofus
dooley
doom
doomsday
door
doris
dotcom
dottie
doubled
douche
dougie
downer
draco
dragon11
dragon12
dragon2
dragonba
dragonball
dragonfl
dragonfly1
dragster
drakon
draven
dream
dreamcas
dreamer1
drifter
driller
drive
driven
drizzt
drjynfrnt
drowssap1
drpepper1
drum
drummer1
drums
ds760206
duan
duane
duck
duckie
ducks
dude123
dudedude
dudeman
duffer
duffman
dukeduke
dumbass1
dummy
dummy@123
dungeon
dunlop
dupont
dustin
dustin1
dustin123
dustin1234
dustin12345
dusty1
dutch
dwade3
dwayne
dwight
dynamo
dynasty
e
e12345
e123456
e65351656
earl
earnhard
earth
earthlink
easter
eastern
easton
eastside1
easy123
eating
eatmenow
eatpussy
ebony
ecourse2
eduard
eeeee
eeeeeee
eeeeeeee
eeyore
egghead
eggman
eggplant
eight
eladnbin1104
elastic
elastic123
elasticsearch
elcamino
elefant
elefante
element
elements
eleonora
eleven11
elisabet
elite
elizabeth2
elizaveta
ellie
ellie1
elliot
elsearch
elvis
elvisp
elway7
email
emanuele
emerald
emil
emily123
emmett
emmitt
emo123
empire
energy
enforcer
engine
enterme
enternow
enters
entrance
entropy
entry
erection
erin
ernesto
ernie
erotic
errors
es
es123
es123456
esadmin
esin888
esincs
eskimo
espresso
esquire
esroot
estrela
esuser
esuser123
ethan
ethan1
eugene
everett
everton1
evgeniy
evil
evolutio
evony192
exchange
excite
exotic
experienced
explore
extra
exx@123
eyesonme
f
f00tball
f123456
f12345678
f123456789
f19841205
f246865h
fa1681688
fabie
fabric
face
factory
faggot1
fairlane
faithful
fake123
falcon1
falcons1
fallen
fallen1
fallon
family123
family4
family5
family6
familyguy1
famous
famous1
fandango
fang
fangyuan
fantomas
farley
farm
farmboy
farscape
fastball
fatass
fatass1
fatboy1
fatcat1
fatty
fatty1
favorite6
fdsafdsa
fduecn
fearless
federal
federica
feelgood
feifei123
feifei521
feifeifei
feixiang
felicidad
felicidade
felipe123
fellatio
fellow
females
feng123456
feng19831
fengfeng
fengjian
fengling
fengpeng
fengxiaofeng
fenris
fenway
fergie
fergus
ferguson
fernando
fernando1
fernando123
fernando1234
fernando12345
ferris
ff123456
ffflufei
fghtkm
fgtkmcby
fick
fiction
fields
figaro
fight
fighting
filippo
films
finally
finder
finland
fireblad
firefigh
firefire
fireman1
firewall
fiscal@123
fischer
fishbone
fishfish
fishhead
fishin
fishing
fishing1
fishman
fishon
fitter
five
fkbyjxrf
fksdde7039
fktyrf
flame
flames
flanker
flasher
flask
flask123
flatron
flexible
flicks
flink
flink123
flip
flipflop
flower12
flower123
flower2
fluff
fluffy1
flyfish
flyinsky
focus
food
foolish
foot
football11
football13
football2
football21
football22
football23
football3
football4
football5
football7
football8
football9
footjob
foreve
forever21
foreverlove
forgetit
forlife
format
forsaken
fortress
forum
forward
fosters
fountain
four
foxpass
foxy
foxylady
franc
francisc
franks
fraser
freak1
freaky1
freddie1
fredrick
freee
freefall
freesex
frenzy673954
fresh1
friday1
friday13
friends2
frisky
frodo1
frogger1
froggy1
frogman
frogs
frost
ftp
ftp123
ftpUser123
ftppass
ftpuser
ftpuser123
ftpuser2123
fu7u4a#$$$
fuck.3r
fuck11
fuck12
fuck69
fuckhead
fuckinside
fuckit1
fucklove
fucklove1
fuckme2
fuckme69
fuckoff!
fuckoff2
fuckthis1
fucky0u
fuckyo
fuckyou.
fuckyou12
fuckyou13
fuckyou22
fuckyou3
fuckyou666
fuckyou69
fuckyou7
fuho@123
fuku00198
fulham
funstuff
furball
fussball
fuzzy
fy123456
fy641213
fyfnjkbq
fytxrf
fyutkbyf
fyutkjxtr
g123456
g13916055158
g9l2d1fzPY
gabber
gabby
gabby1
gabriell
gagged
gagging
galant
gambler
gamecock
gamma
ganesh
gannibal
gao123456
gaoxiang
garion
garnet
garrett1
gasman
gatit
gatita
gatito
gator1
gatorade
gators1
gatsby
gawker
gay
gbhfvblf
gcc
gedingfeng1102888
gene
generic
geng
georg
georgia1
gerardo
gerbil
gerrard8
gertydrj
getout
getting
gfhjkm1
gfhjkmgfhjkm
gg123456
gggggg
ggggggg
ghbdtn123
ghblehjr
ghbrjk
ghbywtccf
ghetto1
ghhh47hj7649
ghjcnbnenrf
ghjcnjgfhjkm
ghjuhfvvf
ghost123
ghostrider
ghosts
giants1
gideon
gidget
giggle
giggles
giggles1
gilligan
gina
giorgia
giraffe
git
git123
git123456
git@123
gitlab
gitlab-runner
gitlab123
gits@123
gjxhsgjxhs
glacier
gladiato
glass
glasses
glitter
globus
glock
glow
gmod
gmuj6491
gn56gn56
goat
gobears
gobucks
gocubs
god123
goddess1
godfathe
godfather1
godisgreat
godlike
godzilla1
gofast
gogogogo
gohome
goirish
goldfing
goldfish1
goldie1
goldwing
golfcourse
golfer1
gonavy
gonzo1
gonzo1982
goo78leeg
goober1
goodday
goodgood
goodie
goodmorning
goofy1
google250
googoo
gooner
gordo
gore
goten
gotenks
goth
gotham
gotmilk
gotribe
gpadmin
gpadmin123
gpuadmin
gracie1
gramma
grandam
grandpa
grandpa1
granite
granny1
graphics
grass
gratis
gravity
grease
greedy
green12
green123
green2
griffin1
grimace
grin
grinch
grisha
gromit
groups
grunt
gryphon
gsxr750
gthcbr
gtnhjdbx
guadalupe
guai
guaiguai
guang
guangguang
guest
guest123
guest@123
guido
guillermo
guitars
gujinbiaoaa
gumby
gunit1
gunner1
gunther
guo123456
guoguoguo
guoliang
gutengda
guyver
gymnast
gypsy
h1234567
h12345678
h123456789
hack
hacking
hadoop
hadoop123
haggis
haha123
haha1234
haha123456
hahahaHA
hai123
hailey1
hair
hairball
hakr
haley
haley1
halifax
hall
hallie
hallo1
halloween1
halo123
hamish
hammer1
hammond
hampton
han123456
handyman
hangzhou
hanna
hannah12
hannah123
hans
hanson
hao123.com
hao12345
hao456250
haohaohao
happy12
happy12345
happy1314
happy2
happy2000
happy2008
happy2009
happy2010
happy520
happyboy
happyhappy
harald
harbor
hardball
hardcock
harddick
hardone
hardware
hariom
harmony1
harrier
harrison1
harvard
harvest
hasan123
hate
haters1
hathaway
hatred
hattrick
having
hawaii1
hawaii50
hawaiian
hayden1
hayley1
he123456
hearts1
heat
heater
heather
heather1
heather123
heather1234
heather12345
hector1
heels
hehehehe
heidi1
heinrich
hejsan
hello!
hello11
hello12
hello1234
hello2
hello5
hellos
hellothere
helmut
helper
helpme1
heng
hengheng
here
herewego
heritage
herring
heslo
hetfield
hewitt
hewlett
hey123
heyhey1
heynow
hfytnrb
hg0209
hh123456
hhxxttxs
hi
hibernate
high
highbury
highheel
highway
hihihi1
hiking
hill
hillary
himanshu@123
hive
hj123456
hjccbz
hld_1209
hlwj0519-1205.jf
hoffman
hogtied
hola123
holahola
holden1
hole
holein1
holes
holiday1
holla1
hollie
hollister
hollow
hollywoo
hollywood1
holycow
home0401
homeboy
homemade
homerj
homework
honey123
honeys
honghong
hongjuan
honor
hookem
hookup
hooper
hoops
hootie
hopeful
hopeless
hopkins
hores
hornets
horse1
horses1
hostinger123
hot123
hotass
hotbox
hotboy1
hotels
hotgirl1
hotgirls
hothot
hotmama1
hotone
hotrod1
hotstuff1
hott
hottest
hottie101
hottie12
hottie123
hottie2
hotties
houdini
hounddog
house1
houston1
houston713
hover
howard1
howareyou
howdy
howell
ht123456
htubcnhfwbz
hu123456
huachen1258zz
huahuahua
huaihuai
huaiyukeji115
huang
huang123456
huanghai
huanghao
huanghua
huanghuang
huanghui
huangjian
huangjie
huangjin
huangjing
huangjun
huangkai
huanglei
huangtao
huangwei
huangxin
huangyan
huanjue321
huanxiang
huanying
huge
hughes
huiyuanai
hummer1
hung
hunt
hunte
hunter01
hunter12
hunter123
hunter2
hunting1
hussain
huyunqiao
hx2010seo
hyjzstx8
iamgod
iamnumber1
ib6ub9
icandoit
icehouse
iceman1
icu812
idc0.01
idc0.1
idc0001
idc0123
idc0123.0
idc0514
idc11
idc123
idc123!@#
idc123&123
idc2010
idc46121
idc800888
idc925111
idc9aewr42
idcidc
idcidcok
idcji2010
idcuser
idunno
iforget
iforgot1
ihateyou2
iiii
iiiii
iiiiiiii
ijrjkfl
iklo
ilaria
ilikeit
ilikepie
ilikeyou
illinois
ilove1
ilove69
ilovechina
ilovecsdn
iloveher1
iloveme123
iloveme2
ilovemom
ilovemom1
ilovemusic
ilovemymom
ilovethisgame
iloveu!
iloveu123
iloveyou.
iloveyou10
iloveyou11
iloveyou123
iloveyou13
iloveyou1314
iloveyou14
iloveyou22
iloveyou3
iloveyou4
iloveyou5
iloveyou520
iloveyou7
iloveyou8
iluvu2
ily123
imation
imcool1
implants
index0088
ingtake1
insane1
insanity
insight
install
instant
int
intel
intercourse
interests
interne
iomega
ipswich
ireland1
irinka
irish
irishka
irishman
iriska
irmtraud
irock1
irving
isabell
isabella1
isaiah1
iscool
islander
istheman
italy
itisme
itsme
ivan
ivan1
ivan123
ivan1234
ivan12345
iw14Fi9jxL
j123456789
j2mv9jyyq6
jabber
jack123
jack123456
jack@123
jackass2
jacob123
jacobs
jaden
jaden1
jaden123
jaden1234
jaden12345
jaeger
jaguars
jake123
jakejake
james12
james2
jamess
jamie1
janusz
jared
jared1
jarvis
jasajasa
jasmine2
jason123
javajava
javascript
javazfj1jie
javelin
javier
javier1
javier123
javier1234
javier12345
jay123
jayden1
jayhawks
jazmin
jazzy
jazzy1
jb85811510
jb@123
jboss123
jdheh421
je
jeannie
jeeper
jeepster
jefferso
jeffery
jeffhardy1
jello
jelly
jellybea
jellybean
jellybean1
jenkins
jenkins123
jenn
jenna1
jennaj
jennife
jenny123
jerk
jermaine
jersey1
jesper
jesse1
jessica
jessica12
jessica123
jessica2
jesucristo
jesus01
jesus12
jesus2
jesusis1
jesusislord
jesussaves
jeter2
jets
jewel
jewish
jezebel
jfjscy8767
ji394su3
jia123456
jiajiajia
jiandanai
jianfeng
jiangbin
jiangfeng
jianghao
jianghua
jianghui
jiangjian
jiangjiang
jiangjie
jiangjun
jianglei
jianglong
jiangnan
jiangshan
jiangtao
jiangwei
jiangxin
jiangyan
jianqiang
jianqiao
jiao
jiaojiao
jiarenqb
jiejiejie
jiggaman
jimbo1
jimmie
jimmy123
jimmys
jin123456
jing
jing006010
jingling
jinjinjin
jinsheng
jiok98001
jiong
jisuanji
jiubugaosuni
jiushini
jiushiwo
jj123456
jjjjjjj
jkljkljkl
jktxrf
jktymrf
joaquin
jobsearch
jockey
joe123
joebob
joecool
joemama
johannes
john12
john123
johnathan
johndeer
johndeere1
johndoe
johngalt
johnny5
joker123
joker13
jomama
jonathon
jones1
jonny
jorda
jordan01
jordan11
jordan123
jordan2
jose123
joseluis
josephin
josh123
joshu
joshua12
joshua123
jr
jsbach
jspower.com
jspower123.0
juancarlos
juanjuan
jubilee
judy
juggalo1
jughead
juicy
juicy1
july
jumbo
jump
jumper
jumpman23
jumpserver
june
june12
junio
juniper
junk
junkie
junkmail
just4fun
just4me
justin12
justin123
justin2
justlike
justme1
justsoso
justus
jylk1314
k.lvbkf
k12345
k1234567
k12345678
k123456789
kaboom
kafka@123
kahlua
kaitlyn
kaitlyn1
kakashka
kane
kangkang
karachi
karin
karina1
kashan
kate
katelyn
katelyn1
katherin
katie123
kayla
kaylee1
kayleigh
kazantip
kcchiefs
keegan
keenan
keepout
keisha
keller
kellie
kelsey1
kendall1
kendra1
keng
kennedy1
kent
kentucky1
kernel
kerouac
kerry
kerstin
kestrel
kfgjxrf
kfhbcf
khan
kiara
kiara1
kiara123
kiara1234
kiara12345
kickass1
kidrock
killa
killa1
kille
killer12
killer2
killer7
killjoy
killkill
kilroy
kim123
kimball
kimmie
king12
king123
king23
kingcom5
kings
kingsoft
kinky
kirby
kirk
kirkland
kirsty
kissalan
kissing
kissme2
kissmyass1
kitchen
kiteboy
kitten1
kittens
kittie
kitty123
kittycat1
kittykat
kittykat1
kittys
kjrjvjnbd
kk123456
kk413200
kkk52789
kkkkkkk
kkkkkkkk
klaste
kleopatra
klizma
klondike
knock
knockers
knuckles
kojak
kokomo
kolbasa
kolokol
komodo
kongkong
konstantin
kool
koolaid
koroleva
korova
kosama
kotaku
krasotka
kris
krish2341
krissy
kristen1
kristin1
krokodil
krolik
krusty
krystal1
ksenia
ksusha
kuai
kuang
kubernetes
kuili
kurt
kxtn888cn
l12345
l1234567
l12345678
l123l456
lacrosse1
ladder
laddie
lagnaf
lahore
lakers8
lakeside
lakewood
lakota
lakshmi
lala12
lala123
lalakers
lambda
lamer
lander
landon
landon1
lane
langlang
lantern
laopo521
larkin
larry1
last.fm
lasvegas1
latinas
lawson
layout1
layouts1
lazarus
lb123456
lb851210
lback
lbjx9j11
lc123456
lee123
leeds
leedsutd
lefty
legend1
legos
leigh
lekker
lemmein
lemon
lemonade
leo123
leroy
lesbian1
lesley
letmei
letmein
letmein123
letsdoit
letter
lexus
lfitymrf
lfs123
lfybbk
lh123456
lh222
lhfrjy
lhidc
li7xi9bgn
liang
liang123
liangwei
liao
liaoliao
licking
liferay
lighter
lighthouse
lighthouse123
lighting
likelike
lilbit
lilingjie1102
lillian
lillian1
lillian123
lillian1234
lillian12345
lillie
lilly1
lilmama
lilmama1
lilman1
lilwayne1
lilylily
limewire
limited
lin123456
lincoln1
linden
lindros
lindsay1
lindsey1
lingfeng
link
linkedin1
linkedin123
links
linlinlin
linrk520
linxing7778
lips
lipstick
liquidity
lishuang
lister
littleman
littleman1
lituobestsanmao
liu12345
liu5201314
liucheng
liujiang
liujianliu
liuliang
liuliuliu
liushuai
liuxiang
liuyang123
liuzhangzi1988
liuzheng
live
living
liwei123
lixiaolong
lixy12345678
lizzie1
lk123456
lkjhgfds
ll123456
llamas
lloyd
lmj12345
loaded
lobo
lockdown
locks
logger
logon
loki
lokiloki
lol1234
lol12345
lollol1
lollypop1
london12
london123
lonesome
long123456
longbow
longdong
longer
longhair
longhorns
longhorns1
longjohn
look
lookout
loose
loren
loretta
lori
loser12
loser123
lost
lottie
lotus123!
lotus123456
loud
love00
love01
love06
love07
love08
love09
love1
love12345
love123456
love1314
love143
love15
love16
love17
love18
love19
love20
love24
love25
love33
love45
love4life
love4u
love5201314
love55
love77
love88
love99
lovebug
lovebug1
lovecsdn
loved1
lovegod
lovehurts
lovehurts1
lovejing
loveme12
loveme123
lovemyself
lover12
lover123
lover2
lovergirl1
lovers2
lovesex
loveu2
loveya
loveya1
loveyou123
loveyou1314
lovingyou
lowell
lp123456
lr1028829
ls123456
ltybcrf
lu123456
luan
lucia
luck
lucky123
luckyone
luiza
lumber
lumina
lunchbox
luofei520!@#123
lupita
lust
lv80066368
lvfeididi
lw123456
lx123456
lxqqqqqq
lxsz60652
ly123456
lynn
lz11180607
lz123456
m12315309
m1234567
m12345678
ma123456
mac123456
macbeth
macintos
mack
mackenzie
mackenzie1
mackie
macleod
macman
madcat
madcow
maddie1
madelyn
madelyn1
madelyn123
madelyn1234
madelyn12345
madison1
madmad
maenbin1234
magelan
maggi
magic123
magic32
magical
magician
magnet
magneto
magpies
mahesh
mahler
maidoumaidou
maikuraki
mail
maintenance
major
makaka
makaveli
makayla
makayla1
makelove
maksimka
malachi
malish
mallrats
mama12
mamacita
mamas
mamawoaini
mamma
mammamia
mammoth
man123
mancity
mandy1
manfred
mang
maniac
manish
manisha
mankind
manman1
mann
manning
manny1
mantis
mantle
manunited
manutd1
maomao123
maomao520
maomaomao
maple
marble
marcela
marcin
marcius2
margarit
maria123
mariah1
mariele
marijuan
mariner
marines1
mario123
mariposa1
mariya
marker
marketing
markie
markiz
marriage
married
marsha
marshal
marshall1
marta
martha1
marti
marty
mash4077
mason1
masterbate
masterbating
mastermind
masterp
matchbox
mate1
matematica
mateusz
matt123
matthe
matthew2
matthews
mattia
matty
maveric
max333
maxdog
maxim
maximilian
maximus1
maxwell1
maxxxx
mazda
mazda6
mazdarx7
mcdonald
mckenzie
mckenzie1
mckenzie123
mckenzie1234
mckenzie12345
mcserver123
me
me1234
meadow
meagan
meat
mechanical
media
medic
mega
megaparol12345
meghan
meghan1
meghan123
meghan1234
meghan12345
meister
meliss
mememe1
memphis1
menace
meng
menghuan
mengxiang
mental
mentor
meow
mercede
merlot
messiah
met2002
metall
mets
mexican
mexican1
mexico12
mexico123
mexico13
mhh123456
miami1
miami305
michae
michael12
michael123
michael2
michael3
michael7
michaels
michelle12
michelle2
michigan1
mick
mickeymouse
micro
microphone
microsoft1
middle
midnite
mihail
mike12
mike123
mikey1
milagros
milk
milkman
miller1
millie1
millwall
mima1234
mima123456
mimacuowu
mimamima
minemine
mingus
minh
minikube@123
minimoni
ministry
mischief
misery
misfits
misha
misiek
missie
mission
mississippi
missouri
mitchell1
mizzou
mlf12345
mm108428
mm1237
mm5201314
model
modelsne
modern
mohawk
molly123
mollydog
mom123
momdad
momdad1
momma1
mommy123
mommy2
mommy3
momof3
monarch
mone
money$
money12
money2
money23
money3
money5
money6
moneymaker
moneyman1
mongo
mongodb
monic
monk
monkey!
monkey01
monkey10
monkey11
monkey13
monkey22
monkey3
monkey5
monkey6
monkey69
monkey7
monkeybo
monkeys1
monsters
montag
monte
montecar
montrose
monty1
mookie1
moomoo1
moonbeam
moondog
mooney
moonligh
moonshin
moore
mooses
mopar
mordor
moritz
morning21
moron
mortal
mortgage
mortimer
morton
moses
moskva
mother123
motherfucker
mothers
motion
motocros
motor
mountain1
mouth
mrf11277215
ms0083jxj
ms0123456
msconfig
mudvayne
muffin1
mullet
mulligan
mumbai
munch
munich
murphy1
murzik
muscles
music123
musical
mustang6
mutant
my123456
my2boys
my2girls
my2kids
my3boys
my3girls
my3kids
my3sons
my4kids
mydick
mygirl
mykids
mykids3
mylove123
myname1
myrtle
myspace.co
myspace01
myspace08
myspace10
myspace11
myspace12
myspace13
myspace3
myspace4
myspace5
myspace7
mysql
mysql123
n123456
nana123
nancy1
nang
nanook
napalm
nascar1
nascar24
nascar88
nasty1
natalia1
natalya
native
nautica
navajo
navigator
navy
navyseal
nazgul
nb
nbvjatq
ncc74656
nclpf2p4
ne
needles
nelly1
neon
netlog
netscape
network1
nevergiveup
nevermore
nevets
neville
newark
newcastle1
newhappy
newjob
newman
newport1
nextel
nexus
nfytxrf
nginx
nginx123
niaishui
niaiwoma
niang
niao
niceass
niceguy
nichole
nick123
nick@123
nickjonas1
nicol
nicole12
nicole123
nicole2
nigga
nightmar
nights
nihaihaoma
nihao123!
nihaogxfc
nihaoma123
nihaonihao
nikitos
nikolai
nikolay
nine
nineball
nineinch
ning
ningning
nishishei
nissan1
nita
nittany
nks230kjs82
nmr@123
nnnnmmmm
nnnnnnnn
node
nokia6233
nokia6300
nokian73
nomad
nomore
noname123
nonenone
nong
nonmember
noodles1
nora123
normandy
norris
norte14
north
northern
norway
norwich
notebook
notthat
notused
nova
novell
noway
nsnsnsns99
nthvbyfnjh
ntktajy
nuan
nuclear
nude
nudes
number2
nurses
nutmeg
nutter
nvidia
nvidia123
nygiants
nympho
o0o0o0o0
oakland1
oatmeal
oberon
observer
observer123
obsidian
oceanbase
odyssey
officer
offshore
ohshit
ok123456
okokokok
olamide
older
olenka
olesya
oluwaseun
omarion1
omg123
omg199
onetime
onetwo
onion
openbravo
opendoor
opennow
openvpn
opeyemi
optimist
option
options
oracle
oracle123
oracle@123
orange123
orchard
oreo
orion
orion1
osama123
oscar
oscar123
ospite@123
otis
otto
ou8123
outback
outlaw1
outside
oxidized
oxygen
oyster
ozzy
p0o9i8u7
p123456
p123456789
p@Ssw0rd
p@ssw0rd
p@ssword
pASSW0Rd
pa
pacers
pacific
packers4
paddle
page
paige1
pain
paintball1
painting
pakistan123
palmtree
pancake
pancakes
pang
panter
panthers1
papers
paradigm
paramedi
park
parol
party1
pasadena
pass
pass123
pass1word
pass@word1
passer2011
passw0rd
passwd
password
password0
password00
password10
password123
password1234
password13
password14
password21
password22
password23
password321
password4
password6
password69
password8
password9
password99
passwort1
pasword
patch
patches1
pathetic
pathfind
patrici
patriot
patriots1
paula
paulie
pavel
pavement
pavilion1
pavlov
payday
pdtplf
peace123
peachy
peacock
pearls
pearson
pebble
pebbles1
pecker
pedro1
peepee
peeper
peewee1
pencil1
penetration
pengpeng
penis1
penny1
pentagon
penthous
peppe
pepper12
peppers
pepsi123
perkins
perry
persik
persona
peter123
peterbil
petrov
petrova
pfsense
phantom1
pharmacy
phat
pheonix
phialpha
phillip1
philly1
phone
phyllis
physics
pi
pi@123
pian
piao
piazza
pickle1
pickles1
picks
pickup
pictures
pierce
piggy
piggy1
pigpen
pimp101
pimp12
pimp123
pimp13
pimp69
pimpdadd
pimping
pinball
pineapple1
pinetree
pingping
pink11
pink12
pink13
pinnacle
pippin
piramida
pirates
pirates1
pissoff
pistons
pitbull1
pizdec
pizza1
pizza123
pizzaman
pizzas
pk3x7w9W
planes
plastics
platinum1
plato
platypus
playa
playa1
playball
playboy69
player69
players
playing
playstat
plex
plexserver
ploppy
pluto
point
pointer
poiu0987
pojaablog
pok29q6666
poland
polish
polly
polska1
pong
pookey
pool6123
poonam
poop11
poop12
poopie1
poopoo1
poopy
poopy1
pop123
popova
popper
poppy1
poptart
pornking
porno1
pornporn
porsche1
portal
pos@123
post
postfix
postgres
postgres123
postgres@123
postman
pothead
pothead1
power.com
power.liu
power.yu
power.zhao
power0.123
power123
power123.0
pp123456
ppppppp
praise
prakash
prasad
prashant@123
preacher
presiden
pressure
preston1
priest
princess!
princess01
princess10
princess11
princess13
princess2
princess3
princess5
princess7
printing
probes
prod
professional
program
programmer
progress
project
project1
property
prospect
protect
proton
prowler
prozac
pruebas
puck
puddin
puertorico
puffin
puffy
pufunga7782
pumper
pumpkins
punch
punk
punker
puppet
puppies1
puppy1
puppy123
puppydog
purpl
purple11
purple12
purple123
purple13
purple2
purple3
purple7
pushkin
puss
pussey
pussy123
pussyman
pwd1234
pyon
q
q00000000
q1111111
q123456q
q1q2q3
q1q2q3q4
q1w2e3r
q1w2e3r4
q2w3e4
q2w3e4r5
qQ123456
qa123456
qarglr123
qasdfrghy1
qaz
qaz123123
qaz12345
qaz123qaz
qaz123wsx
qaz3edc
qazhuang123
qazqaz123
qazqazqaz
qazws
qazwsx11
qazwsx1234
qazwsx123456
qazwsxedc123
qazwsxqaz
qazwsxqazwsx
qazxcv
qazxcvbnm
qazxsw123
qazzaq
qiang
qiangqiang
qiao
qiaoqiao
qingfeng
qingshan
qingsong
qingtian
qiong
qiujingni
qkvmlia569
qkvpoia569
qq0000000
qq112233
qq123.com
qq123321
qq123456
qq12345678
qq123654
qq520520
qq5211314
qq7758258
qqaazz
qqii
qqq11111
qqqaaazzz
qqqq1111
qqqq1234
qqqqq1
qqqqqq11
qqqqqqq
qqqqqqqqq
qqqqqqqqqq
qqqqqqqqqqqqqqqqqqqq
qqqqwwww
qqqwwweee
qqwweerr
qsd34678321
qsx6059410172.
quanquan
quasar
quest
qunimade
qw123123
qwaszx12
qwaszx123
qwe1122334
qwe123
qwe123!@#
qwe1234
qwe12345
qwe123456.
qwe123asd
qwe123qwe
qwe123qwe123
qwedsa
qwedsazxc
qweewq
qweqwe123
qwer12
qwer1234
qwer12345
qwer4321
qwerasdfzxcv
qwerfdsa
qwerrewq
qwert12
qwert1234
qwert40
qwert6
qwertasdfg
qwerty
qwerty1
qwerty12
qwerty123
qwerty1234
qwerty12345
qwerty123456
qwerty13
qwerty2
qwerty24
qwerty6
qwertyuio1
qwertyuiop[]
qwqwqwqw
r00t123
r12345
r123456
rabbitmq
rabbits
race
rachael1
radar
radiohea
rage
raider1
rainbow6
rainbows
rainyday
rajesh
raleigh
rambo
rambo1
ramesh
rampage
ramrod
ramsey
ranch
rancher
rancher123
random1
rang
ranger
ranger123
ranglm123456
rascal1
rasmus
raspberry
ratboy
rated
ratman
rayray1
razor
rdfhnbhf
readers
realmadrid
rebel1
rebelde
rebelde1
rebound1
reckless
record
records
recovery
redapple
redbaron
redbird
redbone
redbull1
redcar
reddevil
reddwarf
redeye
redfox
redhat
redhead1
reds
redskin
redskins1
redstar
referee
reflex
reggie1
reilly
reload
remingto
remote
renee1
reng
repair
report
republic
reserve
restart
retard1
retire
reynolds
reza1234
rfgecnf
rfhfylfi
rfhnjirf
rfn.if
rfntymrf
rfvfcenhf
rhbcnbyf
rhino
rhjrjlbk
rhtdtlrj
rich
ride
rider
ridge
rifhv123456
right
riley
riley1
riley123
riley1234
riley12345
rilidongl
rimmer
ring
ringo
ripple
rizki
rjhjkm
rjhjktdf
rjycnfynby
road
roadking
roadrunn
roadrunner
roadster
robbie1
rober
robert12
robert123
robins
robot
robotics
rock123
rocket1
rockie
rockies
rockin
rocknrol
rockon1
rockwell
rocky123
rockyou
rodeo
rodney1
rogue
roll
rollin
rolling
rollins
rolltide1
roman123
romantic
rong
rongfan66
rongrong
roofer
rooney10
rooster1
root
root1!
root123
root@123
rootroot
roott
rootuser
rosie1
ross
rough
royal
royalty
rrrrrrrr
rst_login
ruan
ruanjian
rubble
ruby
rudeboy
rudolf
rufus
rugby1
rugger
rumble
runaway
runescape1
runner1
ruoyi123
russell1
rusty2
ryan123
s12345
s1234567
s12345678
s123456789
s2j3l9v5
s5201314
sa123456
sachin
saints1
saiyan
salasana
saleen
sales
salomon
samanth
sambo
sameer
samleiming
samm
sammie1
sammy123
sampson1
samsun
sandeep
sander
sandiego1
sandr
sandwich
sandy123
sanford
sanfran
sang
sanhe000~!@#
sanhe123
sanity
santa
santafe
santana1
santosh
sasha123
sasha_007
sassy123
satana
sausages
savage1
savanna
savannah1
savior
sb987654321
scamper
scandisk
scarlett123
schalke
schalke04
scheisse
schmidt
school123
scictd9821622
scissors
scoobydoo1
score
scotland1
scott1
scotty1
scrapper
scrappy1
screamer
screen
screw
screwy
script
scruffy1
scuba1
sd123456
sdfsdfsdf
sdsdsdsd
sdwer
sdwer123
seabee
seadoo
seagull
seahawks
season
sebring
secret666
security1
sedona
seeking
segblue2
sekret
selena1
selina
semper
senator
senators
seneca
seng
senha123
senlinyan
senlinyan$
senna
sentnece
seoshiyan
sergbest
sergeant
sergi
series
server
server1
server@123
service
sevens
sex69
sexgod
sexman
sexo
sexxx
sexxxy
sexxy
sexy01
sexy1
sexy10
sexy101
sexy11
sexy1234
sexy13
sexy14
sexy15
sexy16
sexy21
sexy22
sexy23
sexybabe
sexybeast1
sexybitch
sexybitch1
sexyboy1
sexymama
sexymama1
sexyme
seymour
sf49ers
sh123456
shadow01
shadow11
shadow13
shadow2
shady
shag
shaggy1
shampoo
shamus
shan
shandong
shannon1
shao
sharma
sharp
shauna
shawn1
shawna
sheba
sheba1
sheeba
sheep
sheepdog
shei
sheldon
shell
shelly1
shen
sheng
shengyulan
shenjian
shenlong
shenshen
shenxian
shenyang
shenzhen
shepherd
sheridan
sheriff
sherri
shibby
shiner
shinichi
shisp.net
shitface
shithead1
shock
shocker
shodan
shoes
shojou
shonuf
shopper
shopping1
shotgun1
shoujiqb
shovel
show
shower
showmethe
showmethemoney
shrimp
shuai
shuaishuai
shuang
shuangshuang
shuchang
shui
shuijing
shuishui
shuo
shuttle
shutup1
shyshy
sick
sidekick
sierra1
sigma
sigmachi
silly
silly1
silverad
simileplun
simmons
simon1
simone1
simpsons1
simran
singapor
singer1
sinister
sinned
siobhan
sissy
sissy1
site
sites
sixpack
sixsix
sixty
sixty9
sjdf2ghjt
sk84life
sk8ter
skate123
skate4life
skeeter1
skibum
skillet
skinner
skip
skipper1
skippy1
skittles1
skolko
sky123456
skyhawk
skylar
skylar1
skylar123
skylar1234
skylar12345
skylark
skyler
sl123456
slammer
slapper
slater
slave1
slavik
slayer1
sleep
sleeper
sleigh1368
slick1
slim
slimshad
slippery
slonik
sloppy
slowhand
slugger
sluggo
smackdow
smashing
smile123
smile4me
smiles1
smirnov
smith1
smiths
smoke1
smoke420
smokie
smoothie
snapon
snappy
sneaky
snicker
sniffing
snowball1
snowbird
snowboard1
snowflak
snowflake
snowflake1
snowman1
snuffy
snuggles1
socce
soccer!
soccer09
soccer101
soccer123
soccer13
soccer14
soccer15
soccer16
soccer17
soccer18
soccer2
soccer21
soccer22
soccer23
soccer3
soccer4
soccer5
soccer6
soccer7
soccer8
soccer9
softail
softball12
sol
sol123!
solana
soldier1
solx
some
someday
somerset
something1
sonar
sonar123
songaideng
songguang
songjian
songsong
songyang
sonics
sonoma
sonyfuck
sonysony
sooners1
sophi
soul
souljaboy1
south
south13
southpar
southpark1
southpaw
southside
sowhat
spaceman
spam
spanker
spanky1
spanner
sparkle1
sparkles
speakers
specialk
speedo
speedway
speedy1
spence
sperma
spice
spiker
spikey
spinner
spock
spoiled
sponge
spongebo
spongebob2
spooge
spooky1
spoon
spoons
sports1
sporty
spot
spotty
spread
springs
sprite
sprout
spud
spunky
spurs1
sqdwfe
squash
squeak
squeeze
squid
ss123456
sssss
sssssssss
ssssssssss
stacey1
stacie
stack123
stafford
stalin
stalker1
stanford
stang
stanislav
star12
star123
starbucks
starcraf
starcraft1
starligh
starr
start1
starwar
starwars123
stasik
state
status
stayout
steam
steam123
steffen
stellar
stepan
sterva
stfu_and_be_quite
stickman
stiffy
stigmata
stinker
stinky1
stock
stockton
stone1
stoner1
stoner420
stop
storage
store
stories
storm1
stormy1
straight
strap
stratus
strawber
stream
streaming
streets
strength
stress
stretch
stroker
stubby
studman
stumpy
stupid
style
styles
stylus
suan
sublime1
submit
suburban
success777
suckdick
sucked
suckers
sucking
suckit1
suckmydick
sugar1
sugi
summer01
summer06
summer07
summer08
summer09
summer10
summer11
summer12
summer123
summer69
summer99
summers
summertime
sun123456
sunday1
sundevil
sunfire
sunmenga1
sunny1
sunny123
sunshine12
sunshine2
sunshine7
sunsunsun
sunupsun
sunyanzi
super12
superb
superior
superma
superman12
superman2
supernov
supervisor
support
support123
supra
supreme
sureno13
suresh
surfer1
surfing1
susanna
suslik
sutton
suzhou@562718
sveta
svnuser
svoboda
sw123456
swedish
sweet123
sweetnes
sweetness
sweetness1
sweetpea1
swimming1
swinging
swoosh
swordfish1
sx123456
sxg007007
sydney1
sylveste
syncthing@123
synergy
sysadmin
system123
system32
systems
syzygy
sz123456
t12345
t123456
t1234567
t12345678
t123456789
t839k241
tabasco
taco
tacobell1
taiko@123
talbot
talks
talon
tammy1
tang123456
tangtang
tank
tanner1
tantra
tanya1
taotaotao
tarakan
tarheels1
tarpon
tartar
tasha1
tatarin
tattoo1
taxman
taylor12
taylor123
taylor2
taytay
taytay1
tblkspthkr
tbone
tc123456
tdutybz
teamo
teamo1
tech
techsupport
tecnopos123
teddybea
teddybear1
teenage
telefono
telephon
telnet
temp12
temp123
templar
temppass
tenchi
tender
teng
tennesse
terefon
terminat
terra
terrell
terry1
test
test1
test12
test123
test1234
test1@123
test2
test@123
tester1
testing1
testing123
testpass
tests
testserver
testtest
testuser
thankgod
theater
thebear
thedon
thedude
theforce
thegame1
their
theking1
theman1
there
theresa
these
thewho
thing
thinking
thinkpad
thirteen13
this
thisisit
thoma
thong
thrasher
three
threesom
thumb
thumbs
thumper1
thunderb
tian
tianfeng
tiankong
tianlong
tiantang
tianyuan
tiao
tiberius
tiburon
ticket
tiger2
tigercat
tigge
tigger12
tigger123
tigger2
timeout
timmy1
timosha
tinglove
tinker1
tinkerbe
tinkerbell
tiny
tipper
titten
titts
tkbpfdtnf
tkfkdgo
tkggja850518`1
toast
toaster
todd
toejam
toilet
tom
tom123
tomahawk
tomas
tomcat
tomcat123
tommie
tongtong
tongyong
tonight
tony123
toocool
toolbox
toolman
tools
tools123
toonarmy
toor
tootie
tootsie1
tophat
toriamos
toshiba1
tosser
tottenham1
touching
tower
towers
town
tqtwffgcc
trabajo
trace
tracer
track
tracy1
trailer
trainer
training
tranny
trans
transfer
trauma
travis1
treble
treefrog
trees
treetop
trevor1
trigger1
trinitro
trinity3
trip
triple
tripod
tripper
trista188#**
troll
trooper1
trouble1
troy
trucker1
trucking
trumpet1
trustme
truth
ts
tsinghua
tt123456
ttocs
tucker1
tujhrf
tulips
tuna
turkey1
turnip
turtle1
tuscl
twelve
twinkie
twins2
ty123456
tyidc
tyinfo
tyler123
tyrone1
tzwadmin123
ubnt
ubnt123
ubuntu
ubuntu123
ubuntu20svm
ubuntu@123
ubuntu@2024
ucloud.cn
uftp
uftp123
ultra
umpire
undead
undertak
unicorn1
unique1
univers2l
universa
unlock
uploader
uptown
upyours
usdopaa
user
user03123
user1
user123456789
user1@123
user@123
userlogin123
username
username1
usmarine
usuario
uuuuuu
v123456
vSjasnel12
vader1
vadim
vaffanculo
vagina1
vagrant
valeri
vali
validator
vampir
vancouve
vanguard
vanilla1
varvara
vasilisa
vauxhall
vb
vbkfirf
vedder
vegitto
vehpbr
velocity
venera
venom
venture
vera
verizon
verizon1
vfibyf
vfitymrf
vfndtq
vfntvfnbrf
videos
vienna
viewsoni
vikings1
viktoriya
villa
violin
vipergts
vipnew
virtual
visa
vision
visual
vitamin
vitoria
vjcrdf
vjkjrj
vjqgfhjkm
vlad
volkov
volkswag
volleyba
voyager1
vpn
vsegda
vvvv
vvvvvvvv
w1234567
w12345678
w1975a
w1976a
w1977a
w1978a
w1979a
w1980a
w1981a
w1982a
w1983a
w1984a
w1985a
w1986a
w1987a
w1988a
w1989a
w1990a
w4cuvji2
w_pass
wachtwoord
waffle
waheguru
walker1
wallet
walmart1
walter1
walton
wanderer
wang
wang123
wang1234
wang1985
wang1986
wang1987
wang1989
wang4040955
wangbadan
wangbing
wangchen
wangcheng
wangcong
wangdong
wangfang
wanghong
wangjile
wangjing
wangjuan
wangkang
wangling
wanglong
wangming
wangning
wangping
wangqian
wangqing
wangsheng
wangshuo
wangsong
wangting
wangwei123
wangxiang
wangxiao
wangying
wangyong
wangyonglang
wangyuan
wangzhen
wangzheng
wanking
wantian##*(
wapbbs
wareagle
warez
warhamme
warner
washburn
washingt
wasted
watch
water123
waterboy
watermelon
watford
wayne1
wc625799
wd123456
wealth
weare138
wearing
web-user@123
webadmin
webber
webhompas
weblogic
webmaste
webmaster
website123
wedding
weekend
wei123456
weiner
weiqiang
weird
weishenme
weiwei123
weiwei520
weiweiwei
weiyu371
welcome12
welcome2
welkom
wen123456
weng
werder
werdna
wert
wertyu
wesley1
westham1
weston
wetter
wh123456
whatsup1
whatthe
whatthezor
whatwhat
whbs2234
whiplash
whiskey1
whistler
white1
whiteboy
whiteout
whitney1
whoareyou
whore1
whosyourdaddy
wicked1
widget
wifey
wiii2ds1
wiii2dsE
wiiisa222
wiki@123
wildbill
wildcard
wildcat1
wildcats1
wilder
wildone
wildwood
will@123
willia
william2
willie1
willow1
wind
windmill
windows123
windows2000
windows98
windowss
windowswindows
windowsxp
windsor
winger
wingman
wingnut
wings
wingzero
winona
wiseguy
wishbone
wives
wizards
wj123456
wl123456
wltg2010
woaibabamama
woaibaobao
woaideren
woaijing
woaimama
woaimeinv
woaini00
woaini11
woaini111
woaini12
woaini2008
woaini99
woainiaa
woainiwoaini
woainiya
woaitl520
woaiwodejia
wobuaini
wodeai123
wodecsdn
wodedipan
wodemeng
wodemingzi
wodeshijie
wodeweilai
wodezuiai
wohenaini
wohenhao
wolfpac
wolves1
wonderboy
woodie
woodland
woodstoc
woofer
woowoo
word
wordup
work123456
worker
worker123
workhard
workout
wormix
worthy
woshi007
woshi123
woshihaoren
woshinibaba
woshinidaye
woshiren
woshishuaige
woshitiancai
woshiwo123
woshiyizhiyu
wow123
wow12345
wowangle
wowowowo
wowwow
woxihuan
wozhidao
wq123456
wraith
wrench
wrestler
wrestling
wrestling1
ws123456
wsadwsad
wsw800168
wushuang
wuyongchong
wwe123
www
www.163.com
www.7x24.cn
www.baidu.com
www.csdn.net
www.txwscx.comsritgyxf2sxy19831122zx
www123
www12345
www888
wwwcsdnnet
wwwswcy588
wwwuploves
wwww
wwwwwwwww
wwwwwwwwww
wwwyhjd198cn
wx123456
wyoming
wz123456
x
x1234567
x12345678
x123456789
x3561668
x4ivygA51F
xerxes
xian
xiang123
xiang123456
xiangxiang
xianjian
xiao1234
xiao123456
xiaobing
xiaobudian
xiaochao
xiaodong
xiaofang
xiaogang
xiaoguang
xiaohong
xiaojiang
xiaojing
xiaokang
xiaolang
xiaoliang
xiaomeng
xiaopang
xiaopeng
xiaoping
xiaoqian
xiaoqing
xiaotang
xiaotian
xiaoxiang
xiaoxiong
xiaoyang
xiaoyili
xiaoying
xiaoyong
xiaoyu520
xiaoyuer
xiaozhang
xiaozhuzhu
xiazhili
xing
xingaixing
xingkong
xinxin13d
xinxinxin
xiong
xiongxiong
xixihaha
xj123456
xu123456
xu15817079919
xuan
xuan-lien123
xxwwan1314
xxx123456
xxxpass
xxxxxxxxx
xyidc_2006
xyz123
xz123456
y1234567
y12345678
y123456789
yaho982er
yahoo123
yan123456
yang
yang1234
yangbing
yangchao
yangcheng
yangfeng
yangguang
yangjian
yangjing
yangling
yangming
yangning
yangpeng
yangqing
yangshuai
yangxiao
yangyong
yangzhen
yanjin0429
yankee1
yankees2
yarn
ybnkoia569
yeah
yeahbaby
yellow12
yellow123
yellow2
yessir
yfcntymrf
yfdbufnjh63
yfnfkb
yfnfkmz
yh123456
ying
yingxiong
yjdsqgfhjkm
ykvpoia569
yogibear
yomama1
yong
yongheng
yongyuan
youaifa569
youbye123
youkofa569
youloveme
youngmoney
yousuck1
yoyoma
yoyoyo1
yskj33333
yuan
yuan1234
yuanchao
yueyue521
yummy
yx12345678
yy123
yy5201314
yydq1234
yygjmy333
yyyy
yyyyyyyy
z0000000
z1111111
z11111111
z1231231
z123123123
z12345
z1234567
z12345678
z3255500
z3261678
zabbix
zack
zaglylc369
zaiwa1124
zalupa
zander
zang
zappa
zapper
zaq12345
zaq12wsx
zaqwsx123
zaqwsxZXC
zaraza
zarina
zasada
zaxscdvf
zc123456
zcwdclqscll
zebra
zeng
zero696295
zf526546543
zh123456
zhai
zhan1234
zhang
zhang1234
zhang1986
zhang1987
zhang1988
zhang521
zhangXIANG
zhangbing
zhangchen
zhangcheng
zhangchi
zhangdong
zhangfan
zhangfeng
zhanghan
zhangheng
zhanghong
zhanghua
zhangjia
zhangjin
zhangkun
zhanglin
zhanglong
zhangmeng
zhangmin
zhangming
zhangnan
zhangning
zhangping
zhangqian
zhangqing
zhangquan
zhangrui
zhangsan
zhangshuai
zhangting
zhangwen
zhangxiao
zhangyao
zhangying
zhangyuan
zhangyue
zhangyun
zhangzhen
zhangzhi
zhangznw
zhanshen
zhao
zhao1234
zhao123456
zhaofeng
zhaojian
zhaojing
zhaoliang
zhaoming
zhaopeng
zhaoyang
zhaozhao
zhengui
zhengwei
zhenzhen
zhimakaimen
zhjckfd
zhongguoren
zhonghua
zhongnan
zhou
zhou1234
zhou123456
zhouazhou
zhoufeng
zhoujian
zhoujielun
zhoujing
zhouyang
zhouying
zhouzhou
zhu123456
zhuang
zhuang123
zhui
zhun
zhuo
zhuzhuzhu
ziggy1
zippo
zk.
zk.:
zl123456
zmczmc12
zoey101
zoloto
zong
zoo-1573
zq123456
zsj201006
zuan
zw123456
zxasqw
zxc123123
zxc12345
zxc123456
zxc123456789
zxc123zxc
zxcasdqwe123
zxcv123456
zxcvb123
zxcvbn123
zxcvbnm,
zxcvbnm0
zxcvbnm12
zxcvbnm123456
zxcvbnm:
zxcvbnma
zxcvbnmas
zxcvbnmasd
zxcvbnmasdfghjkl
zxcvbnml
zxcvbnmm
zxcvbnmz
zxcvbnmzxcvbnm
zxcvzxcv
zxczxc
zxczxc123
zxczxczxc
zxzxzxzx
zy123456
zycggytkqb
zyjxrf
zz123123
zz123456.
zzxxccvv
zzz123456
zzzz1111
zzzzxxxx
zzzzzzzz
zzzzzzzzz
??????????
---fuck_you----
